./cells/87_21_cat/j2187dd_sdt/j2187dd_sdt.txt
mto  -3.333 7.806 -0.497 -0.200
scp  -3.333 7.806 -0.497 -0.200
scp  -0.533 7.806 1.103 -0.200
scp  1.867 7.006 1.103 -0.200
scp  4.067 6.206 1.103 -0.200
scp  5.467 5.606 1.103 -0.200
scp  7.067 4.406 -0.497 -0.200
scp  8.067 2.606 -1.297 -0.200
scp  8.667 0.606 -1.097 -0.200
scp  8.867 -1.994 0.103 -0.200
scp  9.267 -3.394 1.103 -0.200
scp  9.867 -4.594 -0.097 -0.200
scp  9.667 -7.194 1.103 -0.200
scp  8.267 -8.594 1.103 -0.200
scp  6.667 -10.194 1.103 -0.200
scp  4.067 -10.594 1.103 -0.200
scp  1.467 -10.594 1.303 -0.200
scp  -0.533 -10.594 1.303 -0.200
scp  -2.133 -9.794 1.303 -0.200
scp  -4.133 -8.194 1.103 -0.200
scp  -5.333 -6.394 1.103 -0.200
scp  -6.733 -4.194 1.303 -0.200
scp  -7.333 -2.594 1.503 -0.200
scp  -7.333 -1.594 -0.497 -0.200
scp  -7.733 -0.794 -0.497 -0.200
scp  -7.733 4.006 -1.897 -0.200
scp  -7.333 4.806 -1.697 -0.200
scp  -6.933 5.606 -1.697 -0.200
scp  -5.933 6.606 -1.697 -0.200
scp  -5.333 7.406 -1.897 -0.200
scp  -4.133 7.406 -1.697 -0.200
scp  -3.733 7.806 -1.697 -0.200
ne   -3.733 7.806 -1.697 -0.200
mto  -5.933 7.006 0.503 0.600
dcp  -5.933 7.006 0.503 0.600
dcp  -5.933 7.006 0.703 2.200
dcp  -6.933 8.806 -1.697 1.800
dcp  -7.933 10.806 -1.697 1.800
dcp  -9.333 12.206 -1.697 1.800
dcp  -9.933 13.006 -1.697 1.800
dcp  -11.333 14.806 -1.697 2.200
bp   -11.533 14.806 -3.297 2.200
dcp  -13.133 15.206 -6.697 1.800
dcp  -13.933 15.206 -8.097 1.000
dcp  -14.533 15.006 -9.297 0.600
bp   -14.733 16.006 -8.497 1.400
dcp  -16.333 13.806 -10.297 0.200
dcp  -16.933 13.406 -10.497 0.200
dcp  -17.733 12.806 -9.697 0.200
dcp  -18.733 12.406 -9.897 0.200
dcp  -18.933 12.006 -9.697 0.600
dcp  -19.533 11.206 -9.897 0.600
dcp  -20.333 10.406 -9.897 0.200
dcp  -20.533 9.006 -9.697 0.200
dcp  -20.933 8.206 -9.897 0.200
dcp  -21.333 7.806 -9.697 0.200
dcp  -22.133 7.206 -10.097 0.600
dcp  -22.933 6.806 -9.897 1.000
dcp  -23.533 6.806 -10.097 1.000
dcp  -23.933 6.806 -9.297 0.200
dcp  -24.533 6.406 -9.297 0.200
dcp  -25.133 6.406 -9.297 0.600
dcp  -25.133 6.406 -9.297 0.600
dcp  -26.133 6.006 -9.297 0.200
dcp  -27.133 5.606 -9.297 0.200
dcp  -27.733 5.606 -9.297 0.600
dcp  -29.133 5.206 -9.297 0.600
dcp  -30.133 5.206 -8.297 0.200
dcp  -30.733 4.606 -7.497 0.200
dcp  -31.333 4.206 -7.497 0.200
dcp  -31.733 3.806 -7.297 0.600
dcp  -31.733 3.406 -7.497 0.200
dcp  -31.133 3.006 -6.497 0.600
dcp  -31.133 1.606 -6.497 0.600
dcp  -31.533 1.206 -5.497 0.200
dcp  -31.133 0.406 -4.497 0.200
dcp  -31.933 0.006 -3.897 0.200
dcp  -31.533 -0.594 -3.697 0.600
dcp  -31.133 -0.594 -4.697 0.600
dcp  -31.533 -1.394 -4.697 0.600
dcp  -31.933 -2.594 -3.297 0.200
dcp  -32.133 -3.594 -2.097 0.200
dcp  -32.933 -4.394 -1.897 0.200
dcp  -32.933 -4.794 -1.497 0.200
dcp  -33.533 -5.594 -1.297 0.200
dcp  -33.533 -6.194 -1.297 0.600
dcp  -33.733 -6.994 0.103 0.600
dcp  -33.733 -7.794 -0.297 0.200
dcp  -34.533 -9.194 -0.297 0.200
dcp  -35.133 -9.594 0.503 0.600
dcp  -36.133 -10.394 0.703 0.600
ne   -36.333 -10.794 1.303 0.600
dcp  -14.733 16.006 -8.497 1.400
dcp  -15.933 15.406 -9.897 1.400
dcp  -17.133 15.806 -13.897 1.400
dcp  -17.933 15.406 -15.297 1.000
dcp  -18.533 15.806 -17.497 1.000
dcp  -18.533 15.806 -17.297 1.400
bp   -18.933 15.606 -18.897 1.400
dcp  -19.933 15.806 -18.897 1.400
dcp  -20.733 15.806 -19.697 1.000
dcp  -21.733 16.206 -20.097 0.200
dcp  -23.333 16.206 -20.497 0.200
dcp  -24.333 16.806 -20.697 0.200
dcp  -25.333 17.206 -20.697 0.200
dcp  -25.933 17.206 -20.497 0.600
dcp  -25.933 16.806 -20.297 0.200
dcp  -27.333 16.806 -20.697 0.600
dcp  -28.333 16.806 -21.297 0.600
dcp  -29.333 16.806 -21.297 0.600
dcp  -30.333 16.206 -21.097 0.200
dcp  -31.533 16.806 -21.097 0.200
dcp  -32.533 18.006 -21.497 0.200
dcp  -33.133 17.606 -21.697 0.600
dcp  -34.133 17.606 -21.097 0.600
dcp  -35.133 17.606 -21.097 0.600
dcp  -35.733 17.606 -22.697 0.200
dcp  -36.533 17.206 -22.697 0.200
dcp  -37.133 17.206 -22.697 0.600
dcp  -37.733 17.206 -22.697 0.600
dcp  -38.733 16.806 -22.697 0.600
dcp  -39.133 16.206 -21.497 0.200
dcp  -40.333 16.806 -22.697 0.200
dcp  -40.733 16.806 -22.697 0.600
dcp  -41.333 16.806 -21.897 0.600
dcp  -42.333 17.206 -23.697 0.600
dcp  -43.333 16.806 -24.297 0.200
dcp  -44.333 16.806 -24.297 0.200
dcp  -44.933 17.606 -24.097 0.200
dcp  -45.333 18.206 -24.497 0.200
dcp  -46.133 18.206 -24.297 0.200
dcp  -46.333 18.206 -24.497 0.600
dcp  -47.933 18.206 -24.497 1.400
dcp  -49.333 18.206 -24.697 1.000
dcp  -50.333 18.206 -24.497 0.200
dcp  -51.533 19.006 -24.897 0.200
dcp  -52.533 19.006 -24.697 0.600
dcp  -53.533 19.006 -24.697 0.600
dcp  -54.933 19.606 -24.897 0.600
dcp  -56.133 19.606 -24.897 0.200
dcp  -57.533 20.006 -24.897 0.200
dcp  -58.133 20.006 -25.497 0.600
dcp  -59.133 20.406 -25.497 0.600
dcp  -60.133 20.406 -25.497 0.600
dcp  -60.333 20.806 -26.897 0.200
dcp  -61.333 21.206 -26.897 0.200
dcp  -61.333 21.606 -26.897 0.600
dcp  -62.333 22.206 -27.897 0.600
dcp  -63.733 22.606 -29.697 0.600
dcp  -64.533 22.606 -29.697 0.200
dcp  -64.933 23.006 -32.297 0.200
dcp  -66.333 23.006 -31.897 0.200
dcp  -66.933 23.006 -32.697 0.200
dcp  -68.133 22.606 -34.097 1.000
dcp  -68.933 22.606 -34.697 1.400
dcp  -69.733 22.206 -34.897 1.000
dcp  -70.133 21.606 -36.497 0.200
dcp  -70.733 20.806 -36.497 0.200
dcp  -71.733 20.006 -37.297 0.200
join -72.133 20.006 -37.497 0.200
dcp  -70.533 21.406 -37.297 0.600
dcp  -71.933 21.206 -38.697 0.600
dcp  -72.733 21.606 -39.697 0.600
dcp  -73.933 21.406 -39.897 0.600
dcp  -74.533 21.206 -40.497 0.200
dcp  -75.533 20.606 -40.897 0.200
dcp  -75.933 20.606 -40.897 0.600
dcp  -76.933 19.806 -42.297 0.600
dcp  -77.333 19.806 -43.497 0.200
dcp  -77.533 19.406 -44.697 0.200
dcp  -78.333 18.806 -44.897 0.200
dcp  -78.333 18.806 -44.897 0.600
dcp  -79.333 18.206 -45.897 0.600
dcp  -79.533 17.806 -48.497 0.200
dcp  -79.533 16.806 -49.497 0.200
dcp  -80.333 16.406 -50.297 0.200
dcp  -79.533 16.606 -51.697 0.600
dcp  -80.333 16.006 -51.897 0.600
dcp  -79.933 14.806 -52.097 0.600
dcp  -79.933 14.406 -52.897 0.600
dcp  -79.933 14.006 -54.297 0.200
dcp  -79.933 13.606 -54.897 0.200
dcp  -79.733 12.406 -55.897 0.200
dcp  -79.933 11.006 -56.097 0.200
dcp  -79.533 9.806 -56.497 0.200
dcp  -79.533 9.006 -56.697 0.200
dcp  -79.533 9.006 -56.897 0.200
dcp  -79.333 8.406 -57.097 0.200
dcp  -79.333 8.006 -57.097 0.600
dcp  -78.933 6.406 -57.097 0.600
dcp  -78.933 6.006 -59.697 0.200
dcp  -78.133 4.806 -60.097 0.200
dcp  -78.133 4.606 -61.097 0.200
dcp  -77.733 3.806 -61.897 0.200
dcp  -77.733 2.806 -62.497 0.200
dcp  -77.733 2.006 -62.897 0.200
dcp  -77.533 1.606 -63.097 0.200
dcp  -77.533 2.206 -63.697 0.600
dcp  -77.933 0.606 -64.897 0.600
dcp  -77.933 0.406 -67.897 0.200
dcp  -78.333 0.206 -68.697 0.200
dcp  -77.733 0.006 -69.497 0.600
dcp  -78.533 -0.994 -70.497 0.600
dcp  -78.333 -1.194 -72.897 0.200
dcp  -77.533 -0.994 -73.697 0.200
dcp  -77.733 -0.594 -74.097 0.200
dcp  -77.533 -0.594 -74.097 0.600
dcp  -76.933 -0.394 -75.297 0.600
dcp  -76.933 -0.394 -77.697 0.200
dcp  -76.533 0.206 -78.297 0.200
dcp  -76.533 -0.194 -78.297 0.600
dcp  -75.733 -0.994 -78.897 0.600
dcp  -75.733 -1.394 -80.897 0.200
dcp  -76.733 -0.994 -81.697 0.200
dcp  -76.933 -0.994 -81.897 0.200
dcp  -76.333 -0.794 -82.497 0.600
dcp  -77.133 -1.594 -83.297 0.600
dcp  -78.133 -2.194 -85.497 0.200
dcp  -78.133 -2.194 -86.697 0.200
dcp  -78.333 -2.194 -87.497 0.200
dcp  -76.933 -0.794 -87.697 0.600
dcp  -78.533 -1.194 -87.897 0.600
dcp  -78.333 -1.594 -89.497 0.200
dcp  -77.333 -1.794 -90.897 0.200
dcp  -77.933 -2.394 -91.697 0.200
dcp  -77.933 -2.394 -91.697 0.200
dcp  -77.133 -2.194 -91.697 0.600
dcp  -78.933 -2.994 -91.697 0.600
ne   -78.933 -2.794 -92.897 0.200
dcp  -18.933 15.606 -18.897 1.400
dcp  -18.933 17.006 -18.897 -0.200
dcp  -19.133 22.406 -40.697 0.600
dcp  -19.133 22.406 -40.697 0.600
dcp  -19.333 23.206 -40.697 0.600
dcp  -19.533 24.006 -42.897 0.600
bp   -19.533 24.006 -43.097 0.600
dcp  -18.533 24.606 -42.897 0.600
dcp  -16.933 26.006 -43.897 0.600
dcp  -17.333 26.406 -43.497 0.200
dcp  -16.933 26.806 -45.297 0.200
dcp  -16.733 27.006 -45.297 0.600
dcp  -16.333 29.206 -45.097 0.600
dcp  -15.733 30.206 -45.897 0.200
dcp  -15.933 31.006 -45.697 0.200
dcp  -15.733 32.006 -46.697 0.200
dcp  -14.933 32.606 -46.697 0.600
dcp  -14.333 33.606 -48.097 0.600
dcp  -14.333 35.006 -48.297 0.600
dcp  -14.733 35.406 -49.297 0.200
dcp  -14.333 36.806 -49.697 0.200
dcp  -13.733 37.206 -49.497 0.200
dcp  -14.333 38.206 -49.497 0.600
dcp  -13.733 39.006 -50.297 1.400
dcp  -14.133 40.806 -50.297 1.400
dcp  -13.933 41.806 -50.497 1.000
dcp  -14.133 43.006 -51.697 1.000
dcp  -14.533 43.206 -50.897 0.200
dcp  -14.133 45.206 -52.297 0.200
dcp  -14.733 45.606 -53.297 0.600
dcp  -15.333 46.806 -53.297 0.600
dcp  -15.733 48.406 -53.297 0.600
dcp  -17.133 50.006 -54.097 0.200
dcp  -18.333 51.606 -55.297 0.200
dcp  -18.733 52.806 -55.497 0.200
dcp  -19.133 53.206 -56.097 0.200
dcp  -19.333 54.606 -56.097 0.600
dcp  -20.733 55.606 -56.097 0.600
dcp  -21.333 55.806 -56.297 0.200
dcp  -21.933 57.006 -56.297 0.200
dcp  -22.133 57.006 -56.497 0.600
dcp  -23.933 59.006 -56.497 0.600
dcp  -24.133 59.206 -56.497 0.200
dcp  -25.333 61.206 -56.297 0.200
dcp  -25.133 61.806 -56.497 0.600
dcp  -24.933 63.806 -53.097 0.600
dcp  -24.333 64.806 -52.897 0.200
dcp  -24.333 66.006 -53.297 0.200
dcp  -24.733 67.406 -52.697 0.200
dcp  -25.133 68.606 -52.497 0.200
dcp  -24.533 69.406 -52.497 0.600
dcp  -24.533 71.606 -52.497 0.600
dcp  -23.933 72.206 -52.297 0.200
dcp  -22.933 73.606 -51.697 0.200
dcp  -23.533 74.006 -51.697 0.200
dcp  -23.533 74.406 -51.697 0.600
dcp  -24.133 77.006 -53.497 0.600
bp   -24.133 77.006 -53.497 0.600
dcp  -24.733 78.006 -55.897 0.200
dcp  -26.133 79.406 -56.297 0.200
dcp  -26.133 79.406 -56.297 0.600
dcp  -26.933 81.006 -56.297 0.600
dcp  -27.533 81.806 -58.697 0.200
dcp  -28.333 82.406 -59.097 0.200
dcp  -28.333 83.006 -59.097 0.200
dcp  -28.133 83.606 -60.097 0.600
dcp  -28.533 85.606 -60.497 0.600
dcp  -28.733 86.606 -62.097 0.200
dcp  -28.733 87.406 -62.897 0.200
dcp  -28.733 87.406 -62.697 0.200
dcp  -28.733 87.406 -62.697 0.200
dcp  -28.733 87.406 -62.697 0.600
dcp  -29.133 89.206 -62.697 0.600
dcp  -29.533 89.206 -64.297 0.200
dcp  -29.533 90.806 -65.097 0.200
dcp  -29.933 91.206 -65.697 0.200
dcp  -30.133 91.806 -65.697 0.600
dcp  -30.333 93.406 -66.897 0.600
dcp  -30.333 93.806 -68.497 0.200
dcp  -30.933 95.206 -68.697 0.200
dcp  -30.733 95.206 -69.497 0.600
dcp  -30.933 96.006 -69.897 0.600
dcp  -31.133 96.006 -70.897 0.200
dcp  -31.333 97.006 -71.097 0.200
dcp  -31.333 97.006 -71.097 0.600
dcp  -31.933 98.006 -71.097 0.600
dcp  -32.333 98.406 -73.697 0.200
dcp  -32.333 98.806 -73.697 0.200
ne   -32.333 98.806 -73.897 0.200
dcp  -24.133 77.006 -53.497 0.600
dcp  -23.133 77.206 -55.697 0.200
dcp  -23.533 78.606 -55.497 0.200
dcp  -23.333 79.006 -55.697 0.600
dcp  -23.133 81.806 -55.697 0.600
dcp  -22.933 82.206 -56.497 0.200
dcp  -23.133 83.406 -56.697 0.200
dcp  -22.933 84.406 -56.697 0.200
dcp  -22.933 84.806 -57.097 0.600
dcp  -22.733 86.606 -57.497 0.600
dcp  -22.533 87.606 -56.097 0.600
dcp  -22.733 88.206 -54.897 0.200
dcp  -22.933 89.006 -53.897 0.200
dcp  -23.533 90.806 -53.697 0.200
dcp  -23.533 92.006 -53.697 0.200
dcp  -24.133 92.806 -53.697 0.200
dcp  -24.133 92.806 -53.497 0.200
dcp  -23.533 93.406 -53.897 0.600
dcp  -24.533 95.806 -53.897 0.600
dcp  -24.333 96.206 -52.497 0.200
dcp  -24.533 97.006 -52.697 0.200
dcp  -24.133 98.206 -52.697 0.200
dcp  -24.133 99.006 -52.697 0.200
dcp  -24.133 99.006 -52.697 0.200
dcp  -23.933 99.406 -53.097 0.600
dcp  -23.733 102.006 -52.697 0.600
dcp  -23.733 101.606 -52.697 0.200
dcp  -23.333 103.806 -52.497 1.600
dcp  -23.133 104.406 -52.897 0.600
dcp  -22.933 106.206 -53.097 0.600
dcp  -23.533 107.006 -52.897 0.200
dcp  -23.333 107.806 -52.297 0.200
dcp  -23.133 109.806 -52.097 0.200
dcp  -22.333 110.606 -52.097 0.200
dcp  -21.933 111.206 -52.097 0.200
dcp  -21.933 111.606 -52.097 0.600
dcp  -21.733 113.006 -51.897 0.600
dcp  -20.933 114.406 -51.897 0.600
dcp  -19.733 115.606 -53.697 0.600
dcp  -19.333 116.006 -53.497 0.600
dcp  -18.933 116.606 -53.697 0.200
dcp  -18.533 117.606 -53.497 0.200
dcp  -18.133 117.606 -53.097 0.600
dcp  -18.133 117.606 -53.297 0.600
dcp  -18.733 119.206 -53.297 0.600
dcp  -19.133 120.606 -54.897 0.200
dcp  -19.733 122.206 -55.097 0.200
dcp  -20.133 123.406 -54.897 0.200
dcp  -20.733 124.206 -55.097 0.200
dcp  -20.333 124.606 -54.897 0.600
dcp  -23.133 126.406 -54.897 0.600
dcp  -23.333 126.806 -57.097 0.200
dcp  -24.933 128.606 -56.297 0.200
ne   -24.933 128.606 -56.297 0.200
dcp  -19.533 24.006 -43.097 0.600
dcp  -19.733 23.406 -45.697 0.200
dcp  -21.133 22.406 -46.497 0.200
dcp  -22.133 22.806 -47.497 0.600
dcp  -23.133 23.406 -48.497 0.600
dcp  -23.133 23.406 -50.297 0.200
dcp  -24.933 23.006 -51.297 0.200
dcp  -24.733 23.206 -53.297 0.600
dcp  -26.333 23.206 -53.097 0.600
dcp  -26.333 23.406 -56.697 0.600
dcp  -26.733 24.006 -58.497 0.600
dcp  -27.733 23.806 -59.697 0.600
dcp  -28.133 23.806 -60.297 0.200
dcp  -28.733 24.206 -61.097 0.200
dcp  -28.733 24.606 -61.897 0.600
dcp  -31.133 24.206 -63.897 0.600
dcp  -31.733 24.206 -66.297 0.200
dcp  -32.333 24.006 -66.297 0.200
dcp  -32.533 24.406 -67.097 0.600
dcp  -33.333 23.806 -68.497 0.600
dcp  -34.533 25.006 -70.497 0.600
dcp  -35.333 25.206 -71.297 0.600
dcp  -35.933 26.206 -73.497 0.600
dcp  -36.333 27.406 -75.297 0.600
dcp  -36.333 27.606 -77.897 0.200
dcp  -37.333 28.806 -78.297 0.200
dcp  -36.533 29.406 -79.097 0.600
dcp  -37.733 30.806 -79.897 0.600
dcp  -37.933 32.406 -87.097 0.200
dcp  -37.733 33.406 -88.297 0.200
dcp  -37.733 33.806 -89.697 0.200
dcp  -37.733 33.806 -89.897 0.200
dcp  -37.533 34.406 -90.097 0.600
dcp  -37.533 34.806 -88.897 0.200
bp   -37.733 36.406 -91.297 0.600
dcp  -37.733 36.606 -91.697 0.200
dcp  -37.933 37.806 -91.697 0.200
dcp  -37.333 39.206 -91.497 0.600
dcp  -38.533 41.206 -91.697 0.600
dcp  -38.533 41.206 -91.697 0.200
dcp  -38.533 43.006 -92.697 0.200
dcp  -38.133 43.206 -92.697 0.600
dcp  -38.733 44.206 -92.897 0.200
bp   -38.933 45.206 -93.897 0.600
dcp  -38.733 45.806 -95.497 0.200
dcp  -37.533 46.806 -96.897 0.200
dcp  -37.133 47.406 -98.297 0.600
dcp  -36.533 49.806 -98.697 0.600
dcp  -36.333 51.206 -100.097 0.200
dcp  -37.133 52.406 -101.497 0.200
dcp  -37.533 53.606 -101.897 0.200
dcp  -37.733 54.606 -102.097 0.200
dcp  -38.133 54.606 -102.097 0.200
dcp  -37.533 55.406 -102.297 0.600
dcp  -36.733 57.806 -102.697 0.600
dcp  -36.733 58.406 -105.497 0.200
dcp  -36.733 59.606 -106.297 0.200
dcp  -36.333 61.206 -108.097 0.200
dcp  -36.133 61.206 -109.297 0.200
dcp  -35.733 61.806 -109.697 0.600
dcp  -35.933 63.406 -110.097 0.600
dcp  -35.933 63.606 -113.297 0.200
dcp  -35.333 64.606 -114.297 0.200
dcp  -34.333 65.406 -116.897 0.200
dcp  -35.733 65.006 -115.497 0.200
join -35.733 65.006 -115.697 0.200
dcp  -38.333 66.006 -116.297 0.200
dcp  -38.933 66.006 -116.097 0.200
dcp  -38.533 66.806 -116.897 0.600
dcp  -40.133 67.406 -116.697 0.600
dcp  -39.133 67.606 -119.897 0.200
dcp  -38.533 67.606 -121.697 0.200
dcp  -39.133 67.606 -122.097 0.200
dcp  -38.133 66.606 -122.697 0.200
dcp  -38.133 66.806 -125.097 0.200
dcp  -37.533 66.806 -125.897 0.200
dcp  -37.533 67.206 -127.697 0.200
dcp  -38.133 67.206 -127.897 0.600
dcp  -38.733 68.206 -128.097 0.600
dcp  -39.333 69.006 -129.297 0.200
dcp  -39.733 68.806 -132.697 0.200
dcp  -39.733 68.406 -134.897 0.200
dcp  -39.133 68.406 -135.497 0.600
dcp  -40.733 68.406 -136.497 0.600
dcp  -41.133 67.606 -139.297 0.200
dcp  -40.733 67.606 -139.897 0.200
dcp  -40.733 67.206 -139.897 0.600
dcp  -41.133 66.806 -141.097 0.600
dcp  -41.133 66.806 -141.097 0.200
dcp  -41.133 66.406 -141.697 0.200
dcp  -40.533 66.006 -141.897 0.600
dcp  -40.933 64.606 -143.497 0.600
ne   -40.933 64.606 -143.497 0.600
dcp  -38.933 45.206 -93.897 0.600
dcp  -40.133 44.406 -91.297 0.200
dcp  -40.333 43.806 -89.897 0.200
dcp  -40.333 44.206 -89.097 0.600
dcp  -41.533 44.406 -89.097 0.600
dcp  -41.533 44.406 -89.097 0.200
dcp  -42.333 45.406 -89.097 0.200
dcp  -42.333 45.806 -89.097 0.600
dcp  -43.933 46.606 -89.097 0.600
dcp  -45.533 46.206 -86.297 0.200
dcp  -46.933 47.806 -85.697 0.200
dcp  -46.933 48.206 -85.697 0.600
dcp  -48.333 49.806 -85.697 0.600
dcp  -48.933 50.006 -84.897 0.200
dcp  -50.533 51.406 -84.097 0.200
dcp  -49.933 51.606 -83.897 0.600
dcp  -50.733 53.806 -83.897 0.600
dcp  -50.933 55.206 -84.097 1.600
dcp  -50.933 57.206 -83.697 0.200
dcp  -51.133 58.206 -83.897 0.200
dcp  -51.333 58.806 -83.497 1.200
dcp  -51.133 59.406 -82.897 0.600
dcp  -51.733 61.206 -82.097 0.600
dcp  -51.133 61.606 -81.897 0.200
ne   -51.133 61.606 -81.897 0.200
dcp  -37.733 36.406 -91.297 0.600
dcp  -37.133 35.406 -92.697 0.200
dcp  -36.133 36.006 -93.897 0.200
dcp  -35.933 36.206 -95.297 0.200
dcp  -35.133 36.806 -95.297 0.600
dcp  -34.133 36.206 -95.497 0.600
dcp  -33.533 36.006 -97.897 0.600
dcp  -33.533 36.806 -99.897 0.200
dcp  -32.333 37.006 -102.297 0.200
dcp  -32.133 37.606 -103.697 0.200
dcp  -32.133 38.006 -104.697 0.200
dcp  -31.733 38.206 -104.697 0.600
dcp  -32.533 39.406 -104.497 0.600
dcp  -32.733 38.406 -108.697 0.200
dcp  -32.933 38.406 -109.497 0.200
dcp  -32.933 39.006 -109.897 0.600
dcp  -33.733 39.406 -109.897 0.600
dcp  -33.933 39.806 -112.297 0.200
dcp  -34.733 39.806 -115.297 0.200
join -34.733 39.806 -116.097 0.200
dcp  -38.733 41.406 -116.097 0.600
dcp  -40.333 42.206 -116.097 0.600
dcp  -40.333 41.806 -118.697 0.200
dcp  -41.533 42.206 -120.697 0.200
dcp  -42.133 42.206 -120.897 0.200
dcp  -42.533 42.006 -123.097 0.200
dcp  -43.133 41.406 -123.097 0.200
dcp  -43.533 42.006 -124.297 0.600
dcp  -44.733 43.006 -124.297 0.600
dcp  -44.533 42.806 -126.697 0.200
dcp  -45.533 43.206 -127.497 0.200
dcp  -45.733 43.206 -129.697 0.200
dcp  -46.733 43.606 -130.297 0.200
dcp  -45.933 43.806 -132.697 0.600
dcp  -47.733 44.606 -133.497 0.600
dcp  -47.733 44.806 -136.297 0.200
dcp  -45.933 45.206 -137.297 0.200
dcp  -45.333 45.806 -137.697 0.200
dcp  -45.333 45.806 -137.897 0.600
dcp  -44.333 46.206 -138.697 0.600
dcp  -44.333 45.806 -141.097 0.200
dcp  -43.333 45.606 -141.897 0.200
dcp  -43.333 45.206 -142.097 0.600
dcp  -42.333 44.606 -142.097 0.600
ne   -42.333 44.606 -142.497 0.200
dcp  -11.533 14.806 -3.297 2.200
dcp  -12.733 16.206 -0.897 0.600
dcp  -14.333 18.406 0.103 1.400
dcp  -15.533 20.206 1.703 1.400
dcp  -15.933 21.006 3.303 1.400
dcp  -16.533 22.406 3.303 1.800
bp   -16.533 22.406 3.503 1.800
dcp  -16.333 24.006 4.103 0.200
dcp  -16.333 25.406 4.103 0.200
dcp  -15.533 25.806 4.103 0.200
dcp  -14.933 26.606 4.103 0.600
dcp  -13.733 27.406 4.103 0.600
dcp  -12.933 28.006 5.703 0.600
dcp  -12.333 28.406 5.903 0.200
dcp  -12.333 28.406 5.903 0.200
dcp  -11.733 29.206 5.103 0.600
dcp  -10.933 29.206 5.103 0.600
dcp  -10.133 29.606 8.903 0.200
dcp  -10.133 30.006 7.303 0.200
bp   -9.733 30.006 7.303 0.200
dcp  -8.733 30.606 5.903 0.200
dcp  -8.733 30.006 5.903 0.600
dcp  -8.133 30.006 5.903 0.600
dcp  -7.733 30.006 5.303 0.200
dcp  -6.533 29.606 4.503 0.200
dcp  -5.733 29.206 4.303 0.200
dcp  -5.533 28.806 4.303 0.200
dcp  -5.533 29.206 4.303 0.600
dcp  -4.533 28.806 4.103 0.600
dcp  -4.933 28.406 2.903 0.200
dcp  -4.533 27.406 1.703 0.200
dcp  -4.133 26.206 0.703 0.200
dcp  -4.133 25.806 0.103 0.200
dcp  -4.533 25.406 -0.097 0.200
dcp  -4.533 25.006 -2.097 0.600
dcp  -4.533 24.006 -3.097 0.600
dcp  -4.933 23.206 -2.697 0.200
dcp  -5.133 22.806 -3.697 0.200
dcp  -5.733 22.806 -3.897 0.200
dcp  -6.133 21.806 -4.697 0.600
dcp  -7.133 21.006 -6.097 0.600
dcp  -7.133 21.006 -6.897 0.600
dcp  -7.533 20.606 -8.097 0.600
dcp  -7.533 20.206 -9.297 0.600
ne   -7.133 19.406 -8.297 0.200
dcp  -9.733 30.006 7.303 0.200
dcp  -10.133 30.606 7.503 0.200
dcp  -9.333 31.006 7.503 0.600
dcp  -8.733 31.806 8.503 0.600
dcp  -7.733 32.606 8.303 0.200
dcp  -7.533 34.006 8.303 0.200
dcp  -7.133 34.406 8.303 0.200
dcp  -6.533 35.206 8.303 0.600
dcp  -5.733 36.206 8.303 1.400
dcp  -5.533 37.006 8.303 0.600
dcp  -5.533 38.206 7.703 0.200
dcp  -5.333 38.206 8.103 0.200
dcp  -4.933 39.006 7.303 0.200
dcp  -4.933 40.206 7.103 0.600
dcp  -4.333 42.006 6.303 0.600
dcp  -4.933 42.406 10.103 0.200
dcp  -5.333 43.406 14.303 0.200
dcp  -5.733 44.606 15.503 0.200
dcp  -6.533 45.406 17.103 0.200
dcp  -6.933 45.806 16.303 0.600
dcp  -7.933 46.806 16.303 0.600
dcp  -8.333 46.806 16.303 0.600
dcp  -8.933 48.006 20.303 0.200
dcp  -9.533 48.406 20.503 0.200
dcp  -10.133 49.406 21.503 0.200
dcp  -10.133 50.606 22.503 0.200
dcp  -9.933 51.406 22.703 0.200
dcp  -10.133 52.406 22.703 0.200
dcp  -9.933 52.406 22.903 0.600
dcp  -9.933 53.206 23.303 0.600
dcp  -10.133 54.006 24.103 0.600
dcp  -9.933 55.406 25.103 0.200
dcp  -10.133 56.206 25.303 0.200
dcp  -10.133 56.206 24.303 0.600
dcp  -10.533 57.606 25.103 0.600
dcp  -10.933 58.806 26.103 0.200
dcp  -10.933 60.206 26.103 0.200
dcp  -11.133 61.006 26.103 0.200
dcp  -11.533 61.806 26.103 0.600
dcp  -11.733 62.806 26.103 0.600
dcp  -12.533 63.606 24.703 0.200
dcp  -13.133 64.406 23.503 0.200
dcp  -13.533 64.806 24.703 0.600
dcp  -15.133 66.606 24.103 0.200
dcp  -15.333 67.406 23.903 0.600
dcp  -16.133 68.406 23.903 0.600
dcp  -17.333 69.206 22.903 0.200
dcp  -17.733 70.006 22.303 0.200
dcp  -18.333 71.406 21.903 0.200
dcp  -18.933 71.406 21.503 0.600
dcp  -19.733 72.606 21.303 0.600
ne   -20.533 72.206 20.903 0.600
dcp  -16.533 22.406 3.503 1.800
dcp  -17.733 22.206 4.503 0.600
dcp  -18.933 24.006 6.503 0.600
dcp  -19.733 25.606 8.703 0.600
dcp  -20.533 28.206 9.503 1.400
dcp  -21.333 28.606 11.103 1.400
dcp  -21.533 30.006 11.303 1.000
dcp  -22.933 30.406 11.103 1.000
dcp  -23.933 31.206 11.903 1.400
dcp  -24.533 32.606 11.903 1.400
bp   -24.533 32.606 11.903 1.400
dcp  -25.533 34.206 15.303 1.400
dcp  -26.133 35.606 16.703 1.000
dcp  -26.133 36.806 19.103 1.400
dcp  -26.733 38.206 20.903 1.400
dcp  -26.733 39.406 23.903 1.400
dcp  -27.733 40.206 27.303 1.000
dcp  -27.133 41.606 30.303 1.400
dcp  -27.733 42.806 31.903 1.400
join -28.133 42.806 32.503 1.400
dcp  -28.733 42.406 33.703 0.200
dcp  -28.733 42.806 34.503 1.400
dcp  -29.533 44.606 34.903 1.400
dcp  -30.733 45.206 36.103 1.400
bp   -30.733 45.206 36.103 1.400
dcp  -32.333 45.806 36.103 0.200
dcp  -33.533 46.406 36.103 0.200
dcp  -34.333 47.006 34.903 0.200
dcp  -34.533 47.006 34.903 0.600
dcp  -35.733 48.406 34.903 0.600
dcp  -36.533 49.806 34.903 0.200
dcp  -37.533 50.806 34.903 0.200
dcp  -37.733 51.806 34.903 0.600
dcp  -38.733 53.406 34.903 0.600
dcp  -39.533 54.206 34.903 0.200
dcp  -39.533 54.606 34.903 0.200
dcp  -39.533 55.006 34.903 0.600
dcp  -39.933 55.806 34.703 0.600
dcp  -40.733 56.806 34.703 0.600
dcp  -41.333 57.006 34.703 0.200
dcp  -41.933 58.206 34.703 0.200
dcp  -42.533 58.606 34.503 0.200
dcp  -42.733 59.006 34.703 0.600
dcp  -43.133 58.806 34.703 0.600
dcp  -44.333 59.406 34.703 0.600
dcp  -44.933 59.606 33.103 0.200
dcp  -41.933 59.806 34.103 0.200
dcp  -41.933 59.806 34.103 0.200
dcp  -43.933 59.806 33.503 0.200
dcp  -44.933 59.806 33.503 0.200
dcp  -46.533 59.806 33.103 0.600
dcp  -48.133 59.806 33.103 0.600
dcp  -48.733 60.206 33.103 0.200
dcp  -49.733 59.406 33.103 0.200
dcp  -51.333 59.006 33.103 0.200
dcp  -51.733 59.406 33.103 0.600
dcp  -53.733 59.806 32.903 0.600
dcp  -54.733 60.206 32.903 0.200
dcp  -55.933 60.206 34.103 0.200
dcp  -55.933 60.206 33.903 0.200
dcp  -56.533 61.806 33.103 0.200
dcp  -56.533 61.806 33.103 0.200
dcp  -56.933 62.206 33.303 0.600
dcp  -58.133 63.006 33.303 0.600
dcp  -58.733 63.006 32.903 0.200
dcp  -59.733 62.806 35.303 0.200
dcp  -60.733 63.206 36.703 0.200
dcp  -60.733 63.606 36.703 0.600
dcp  -62.333 64.206 36.703 0.600
ne   -62.333 64.206 36.903 0.600
dcp  -30.733 45.206 36.103 1.400
dcp  -28.733 46.606 39.103 0.600
dcp  -28.933 47.806 40.703 0.600
dcp  -29.133 48.406 41.703 1.400
dcp  -29.533 49.606 41.703 1.400
dcp  -29.933 50.406 43.303 1.000
dcp  -29.933 51.406 44.903 1.000
dcp  -30.733 52.606 46.103 1.000
dcp  -30.733 53.006 47.103 1.400
dcp  -31.333 54.606 47.703 1.400
dcp  -31.533 55.806 49.503 1.000
dcp  -32.133 56.806 51.303 1.000
dcp  -31.933 58.606 52.503 1.000
dcp  -32.733 59.806 53.903 1.000
dcp  -33.133 61.006 54.903 1.000
dcp  -33.733 62.006 56.303 1.000
dcp  -34.533 63.206 57.503 1.000
dcp  -34.733 63.606 59.703 1.000
dcp  -34.733 64.406 59.503 0.200
dcp  -35.733 65.206 60.903 0.200
dcp  -36.333 66.006 62.303 0.200
dcp  -36.533 67.806 64.903 2.200
dcp  -37.333 69.006 65.503 3.400
dcp  -38.533 70.606 65.503 3.400
dcp  -38.733 72.206 65.503 3.400
dcp  -38.533 73.406 69.503 2.600
bp   -38.533 73.406 69.503 2.600
dcp  -38.933 74.006 69.303 2.600
dcp  -39.333 74.406 69.703 0.200
dcp  -40.533 74.606 69.703 0.200
dcp  -40.933 75.006 70.103 0.200
dcp  -41.333 75.406 70.503 0.200
dcp  -41.733 76.206 70.503 0.600
dcp  -43.133 76.406 70.703 0.600
bp   -43.133 76.406 70.703 0.600
dcp  -44.333 77.006 71.303 1.800
dcp  -45.733 77.006 71.503 0.000
dcp  -46.133 77.406 71.503 0.600
dcp  -47.133 77.806 73.303 0.600
dcp  -47.933 78.006 73.303 0.600
dcp  -48.733 79.006 75.103 0.200
dcp  -49.733 79.406 75.703 0.200
dcp  -50.733 80.406 75.703 0.200
dcp  -51.533 81.206 75.903 0.200
dcp  -51.733 81.606 76.303 0.200
dcp  -52.333 82.406 76.303 0.600
dcp  -53.933 83.006 76.303 0.600
dcp  -54.533 83.406 76.303 0.200
dcp  -55.733 83.806 76.303 0.200
dcp  -56.533 83.806 76.303 0.600
dcp  -57.333 84.006 76.303 0.600
dcp  -57.733 84.006 77.303 0.200
dcp  -58.333 84.406 77.303 0.200
dcp  -58.733 84.206 77.303 0.600
dcp  -60.133 85.406 78.703 0.600
dcp  -60.933 85.806 82.103 0.200
dcp  -61.933 86.206 83.103 0.200
dcp  -62.333 86.606 83.303 0.200
dcp  -63.133 86.806 83.503 0.600
dcp  -64.933 87.806 83.303 0.600
dcp  -65.533 88.806 85.703 0.200
dcp  -65.933 89.206 86.503 0.200
bp   -65.933 89.206 84.303 0.200
dcp  -66.133 90.406 84.303 0.200
dcp  -66.333 90.806 83.503 0.600
dcp  -67.933 91.206 83.503 0.600
dcp  -68.533 91.806 83.703 0.200
dcp  -69.133 92.206 83.703 0.200
dcp  -70.333 93.406 83.703 0.200
dcp  -70.933 94.206 83.503 0.200
dcp  -71.133 94.606 83.503 0.200
dcp  -70.133 95.206 82.303 0.600
dcp  -70.933 96.406 82.303 0.600
dcp  -71.333 96.406 82.103 0.200
dcp  -71.733 98.006 82.303 0.200
dcp  -71.133 98.206 82.103 0.600
dcp  -71.933 99.406 82.303 0.600
dcp  -72.533 100.206 82.303 0.200
dcp  -72.733 102.406 80.503 0.200
dcp  -72.733 103.206 80.303 0.600
dcp  -72.533 104.406 80.303 0.600
ne   -72.533 104.406 80.303 0.600
dcp  -65.933 89.206 84.303 0.200
dcp  -65.933 90.606 89.503 0.600
dcp  -66.733 92.806 89.503 0.600
dcp  -67.933 93.406 92.303 0.200
dcp  -68.733 94.806 92.103 0.200
dcp  -69.733 95.206 94.903 0.200
dcp  -69.733 95.206 95.103 0.200
dcp  -71.133 95.006 96.503 0.600
dcp  -71.933 94.606 98.303 0.600
dcp  -72.733 94.406 100.903 0.200
dcp  -72.733 93.806 100.903 0.200
dcp  -72.733 93.806 101.103 0.600
dcp  -74.133 93.006 102.103 0.600
dcp  -74.933 92.406 103.903 0.200
dcp  -75.933 92.006 105.103 0.200
dcp  -76.933 91.806 106.103 0.200
dcp  -77.533 91.406 106.103 0.200
dcp  -77.533 91.406 106.903 0.600
dcp  -78.533 90.806 107.303 0.600
dcp  -79.533 91.206 107.303 0.600
join -79.533 91.206 109.303 0.200
dcp  -79.533 91.006 108.703 0.600
dcp  -78.533 90.606 109.103 0.600
dcp  -79.333 91.606 113.303 0.600
dcp  -79.533 92.006 114.303 0.200
dcp  -79.533 90.606 115.903 0.200
dcp  -79.733 90.606 117.303 0.200
dcp  -79.333 90.006 118.303 0.200
dcp  -79.333 89.606 118.903 0.200
dcp  -79.133 89.006 119.503 0.600
dcp  -78.933 88.606 120.703 0.600
dcp  -78.933 88.606 122.303 0.200
dcp  -79.733 87.806 123.503 0.200
dcp  -79.733 86.806 123.503 0.200
dcp  -79.333 87.206 123.903 0.600
dcp  -80.933 87.806 124.503 0.600
dcp  -81.933 88.406 127.303 0.200
dcp  -82.533 89.006 128.903 0.200
dcp  -83.133 90.406 130.503 0.200
dcp  -83.933 91.206 131.703 0.200
dcp  -84.533 92.406 133.103 0.200
dcp  -84.533 92.806 133.503 0.200
dcp  -84.933 93.606 133.703 0.200
dcp  -84.133 93.206 133.903 0.600
dcp  -84.133 94.606 133.903 0.600
dcp  -85.333 94.606 137.503 0.200
dcp  -85.933 94.006 138.703 0.200
dcp  -85.533 93.206 138.703 0.600
dcp  -85.733 92.406 140.103 0.600
dcp  -86.533 92.806 144.103 0.200
dcp  -87.333 92.206 144.303 0.200
ne   -87.333 92.206 144.303 0.200
dcp  -43.133 76.406 70.703 0.600
dcp  -42.333 77.006 70.503 0.200
dcp  -42.933 78.206 70.703 0.200
dcp  -43.333 80.006 70.303 0.200
dcp  -43.333 80.806 70.303 0.600
dcp  -44.133 83.006 70.503 0.600
dcp  -44.133 83.806 69.503 0.200
dcp  -44.933 85.006 68.703 0.200
dcp  -44.933 86.606 68.503 0.200
dcp  -44.933 86.606 68.503 0.200
dcp  -44.533 87.006 68.903 0.600
dcp  -45.133 88.006 68.903 0.600
dcp  -45.133 88.406 69.103 0.200
dcp  -45.333 89.606 68.903 0.200
dcp  -44.933 90.006 68.703 0.600
dcp  -45.533 91.406 69.103 0.600
ne   -45.533 91.406 68.903 0.600
dcp  -38.533 73.406 69.503 2.600
dcp  -37.933 72.806 75.103 0.200
dcp  -37.133 73.006 75.903 0.200
dcp  -36.533 73.006 76.303 0.600
dcp  -36.133 73.606 77.303 0.600
dcp  -35.733 73.606 81.903 0.200
dcp  -35.133 74.206 83.303 0.200
dcp  -34.733 74.606 85.103 0.200
dcp  -34.533 74.606 83.703 0.200
dcp  -34.333 75.206 83.503 0.600
dcp  -33.733 76.206 83.903 0.600
dcp  -33.333 76.206 86.303 0.200
dcp  -32.133 76.406 87.303 0.200
dcp  -31.733 76.406 88.703 0.200
dcp  -30.733 76.206 89.303 0.600
dcp  -30.133 76.006 90.903 0.600
dcp  -29.333 75.006 94.303 0.600
dcp  -28.333 75.206 94.503 0.600
dcp  -28.333 75.206 95.303 0.600
dcp  -28.533 75.606 96.103 0.200
dcp  -27.733 76.406 97.303 0.200
dcp  -27.533 76.806 98.103 0.600
dcp  -26.933 77.206 97.703 0.600
dcp  -27.133 77.606 98.903 0.200
dcp  -26.733 78.206 101.103 0.200
dcp  -26.333 78.606 101.703 0.200
dcp  -26.333 78.606 102.503 0.200
dcp  -25.533 79.406 103.103 0.600
dcp  -25.333 79.406 103.703 1.400
dcp  -25.533 80.606 104.103 1.400
dcp  -25.533 81.806 107.303 0.200
dcp  -25.333 83.206 107.503 0.200
dcp  -25.733 83.606 109.303 0.200
dcp  -25.333 84.606 110.503 0.200
dcp  -24.533 85.206 109.103 0.200
dcp  -24.933 85.606 109.103 0.200
dcp  -24.733 86.406 109.303 0.200
join -24.733 86.406 110.903 0.200
dcp  -23.933 87.006 110.103 0.200
dcp  -24.133 87.406 110.103 0.600
dcp  -23.133 88.006 110.103 0.600
dcp  -22.733 87.806 111.903 0.200
dcp  -22.733 88.806 112.903 0.200
dcp  -22.333 88.806 112.903 0.600
dcp  -22.333 89.006 114.303 0.600
dcp  -22.333 90.006 115.703 0.600
dcp  -21.133 90.406 116.903 1.400
dcp  -20.933 91.806 117.903 1.400
dcp  -20.533 92.406 119.103 0.200
dcp  -19.733 93.006 121.303 0.200
dcp  -18.933 93.406 122.703 0.200
dcp  -18.933 93.806 123.103 0.200
dcp  -18.333 94.006 123.303 0.600
dcp  -16.733 94.606 123.303 0.600
dcp  -16.133 94.806 126.303 0.200
dcp  -15.733 95.606 125.903 0.200
dcp  -16.933 96.606 126.903 0.200
dcp  -16.733 97.006 127.503 0.600
dcp  -16.933 98.006 128.903 0.600
dcp  -17.733 98.806 129.103 0.600
dcp  -17.933 99.806 131.303 0.200
dcp  -17.933 100.806 131.903 0.200
dcp  -18.733 101.606 132.903 0.200
dcp  -18.333 102.406 133.903 0.200
dcp  -17.333 102.406 134.503 0.600
dcp  -17.333 103.406 134.503 0.600
dcp  -16.733 104.006 135.903 0.200
dcp  -15.733 104.606 136.903 0.200
dcp  -14.533 105.006 137.303 0.200
dcp  -13.733 105.406 137.503 0.200
dcp  -13.333 105.206 137.703 0.200
dcp  -13.133 105.206 137.703 0.600
dcp  -11.333 105.406 138.703 0.600
dcp  -10.133 105.406 139.303 0.200
dcp  -9.333 105.406 139.903 0.200
dcp  -8.533 105.206 140.703 0.200
dcp  -7.533 105.006 140.903 0.600
dcp  -6.333 105.006 140.903 0.600
dcp  -5.933 104.806 142.703 0.600
dcp  -5.733 105.206 144.503 0.200
dcp  -5.133 105.606 147.103 0.200
dcp  -4.533 105.806 148.903 0.200
dcp  -4.133 106.406 149.103 0.200
dcp  -3.733 106.206 149.303 0.200
dcp  -3.133 106.406 149.503 0.600
dcp  -1.733 107.206 149.503 0.600
dcp  -1.933 107.806 152.903 0.200
dcp  -2.133 108.406 153.103 0.200
dcp  -1.733 109.006 153.503 0.200
dcp  -1.733 109.606 154.103 0.200
dcp  -1.533 109.406 154.303 0.200
dcp  -1.133 109.206 153.503 0.600
dcp  -0.733 110.206 155.103 0.600
ne   -0.733 110.206 155.103 0.600
dcp  -24.533 32.606 11.903 1.400
dcp  -25.133 32.206 11.303 0.200
dcp  -26.533 32.206 11.703 0.200
dcp  -27.533 31.606 11.103 0.200
dcp  -27.733 31.206 11.103 0.600
dcp  -28.733 31.206 10.103 0.600
dcp  -29.333 31.206 6.703 0.200
dcp  -30.733 30.806 6.703 0.200
dcp  -31.333 30.806 6.703 0.600
dcp  -31.933 30.806 6.703 0.600
dcp  -32.333 31.206 7.103 0.200
dcp  -32.933 31.606 4.703 0.200
dcp  -33.933 32.206 4.703 0.600
dcp  -34.533 32.606 4.703 0.600
dcp  -34.933 33.406 1.703 0.200
dcp  -36.333 33.406 1.303 0.200
dcp  -36.933 33.406 1.303 0.200
dcp  -36.933 33.406 1.703 0.600
dcp  -38.133 33.406 1.303 0.600
dcp  -38.533 33.806 -0.497 0.200
dcp  -39.133 35.206 -1.697 0.200
dcp  -39.533 35.206 -1.897 0.600
dcp  -40.133 36.006 -1.297 0.600
ne   -40.133 36.006 -1.297 0.600
mto  7.467 -8.594 -8.297 0.400
dcp  7.467 -8.594 -8.297 0.400
dcp  8.267 -9.794 -12.497 0.600
dcp  9.267 -10.594 -18.497 0.600
dcp  10.667 -11.594 -22.097 0.600
dcp  11.467 -12.794 -19.897 0.600
bp   12.267 -13.194 -20.497 0.600
dcp  12.467 -14.994 -25.497 0.600
dcp  12.467 -16.194 -29.297 0.600
dcp  11.867 -16.794 -32.497 0.600
dcp  10.867 -16.794 -33.897 0.600
dcp  9.667 -17.194 -35.697 0.600
dcp  8.667 -16.794 -36.897 0.600
dcp  7.667 -16.194 -37.097 0.200
dcp  6.267 -15.394 -38.097 0.200
dcp  5.467 -15.394 -38.897 0.600
dcp  4.067 -14.994 -40.297 0.600
dcp  2.667 -14.994 -41.097 0.600
dcp  2.067 -14.594 -41.297 1.400
dcp  1.067 -14.994 -41.497 1.000
dcp  0.467 -14.994 -41.497 0.200
dcp  0.067 -14.994 -42.897 0.600
dcp  -1.133 -14.994 -43.497 0.600
join -1.133 -14.994 -43.897 0.600
dcp  -2.933 -12.194 -41.297 0.200
dcp  -4.133 -12.394 -41.497 0.200
dcp  -3.933 -12.194 -43.697 0.600
dcp  -5.133 -12.394 -43.697 0.600
dcp  -5.133 -12.194 -48.097 0.200
dcp  -5.933 -12.394 -49.297 0.200
dcp  -5.133 -12.194 -47.897 0.600
dcp  -5.733 -12.794 -48.097 0.600
dcp  -5.933 -13.194 -50.297 0.200
dcp  -6.133 -14.194 -50.697 0.200
dcp  -6.533 -14.594 -52.097 0.200
dcp  -6.133 -14.994 -52.097 0.200
dcp  -6.133 -15.394 -52.497 0.600
dcp  -5.933 -16.194 -53.497 0.600
dcp  -6.133 -17.594 -54.097 0.600
dcp  -5.933 -18.194 -55.697 0.600
dcp  -5.733 -18.594 -56.297 0.600
dcp  -6.133 -19.794 -57.497 0.200
dcp  -7.133 -20.594 -57.897 0.200
dcp  -6.933 -20.994 -59.297 0.200
dcp  -6.733 -22.394 -60.097 0.200
dcp  -7.133 -22.794 -60.097 0.200
dcp  -7.133 -23.194 -60.097 0.600
dcp  -8.133 -23.394 -61.097 0.600
dcp  -8.933 -24.794 -61.897 0.600
dcp  -9.333 -25.794 -62.697 0.200
dcp  -9.533 -26.994 -63.297 0.200
dcp  -9.733 -27.794 -64.697 0.200
dcp  -9.533 -28.794 -64.897 0.200
dcp  -9.533 -29.194 -65.097 0.200
dcp  -9.933 -29.794 -65.097 0.200
dcp  -9.533 -29.994 -66.297 0.600
dcp  -9.533 -31.394 -66.497 0.600
dcp  -9.733 -32.394 -67.097 0.600
dcp  -10.533 -33.194 -67.297 0.600
dcp  -11.133 -33.794 -68.297 0.200
dcp  -11.133 -34.994 -70.897 0.200
dcp  -11.733 -35.994 -71.297 0.200
dcp  -11.333 -35.994 -71.497 0.600
dcp  -12.333 -36.594 -72.097 0.600
dcp  -12.733 -37.194 -72.097 0.200
dcp  -13.533 -37.794 -73.897 0.200
dcp  -14.133 -37.794 -74.497 0.200
dcp  -14.133 -38.194 -75.097 0.600
dcp  -14.533 -38.994 -76.097 0.600
dcp  -14.933 -39.394 -77.097 0.600
dcp  -15.133 -39.994 -78.297 0.200
dcp  -15.733 -39.994 -78.097 0.200
dcp  -16.333 -40.194 -78.297 0.200
dcp  -16.133 -39.994 -79.097 0.600
dcp  -16.333 -39.194 -80.297 0.600
dcp  -17.133 -38.394 -82.697 0.600
dcp  -16.733 -37.594 -83.697 0.200
dcp  -17.733 -36.794 -83.497 0.200
dcp  -16.933 -36.594 -84.097 0.600
dcp  -18.533 -35.994 -84.097 0.600
dcp  -18.533 -35.994 -87.897 0.200
dcp  -19.533 -36.194 -88.497 0.200
dcp  -19.733 -35.794 -89.297 0.200
dcp  -20.133 -35.794 -89.297 0.600
dcp  -21.133 -35.994 -89.297 0.600
dcp  -21.133 -35.994 -90.097 0.200
dcp  -21.333 -35.994 -91.297 0.200
dcp  -21.333 -35.994 -92.697 0.200
dcp  -21.533 -35.594 -92.897 0.200
dcp  -21.533 -35.594 -93.097 0.600
dcp  -22.333 -34.594 -93.097 0.600
ne   -22.333 -34.594 -93.897 0.200
dcp  12.267 -13.194 -20.497 0.600
dcp  13.267 -13.794 -22.897 0.600
dcp  14.467 -14.594 -20.497 0.600
dcp  15.467 -15.394 -21.497 0.600
dcp  16.667 -16.194 -21.697 0.600
dcp  17.667 -17.194 -22.297 0.600
dcp  18.467 -17.594 -22.497 1.400
dcp  19.267 -18.394 -22.497 1.400
bp   19.267 -18.394 -22.697 1.400
dcp  19.267 -20.194 -24.697 1.000
dcp  20.067 -20.994 -24.897 0.200
dcp  20.667 -22.394 -25.097 0.200
dcp  21.067 -23.194 -25.897 0.600
dcp  21.667 -23.994 -26.897 0.600
dcp  22.267 -24.994 -26.897 0.600
dcp  22.667 -26.194 -25.897 0.600
dcp  22.867 -27.394 -25.697 0.200
dcp  23.667 -28.394 -25.497 0.200
dcp  23.867 -29.194 -26.297 0.200
dcp  23.867 -29.994 -26.297 0.200
dcp  24.267 -30.594 -26.297 0.600
dcp  24.667 -31.794 -27.497 0.600
dcp  24.667 -32.594 -27.497 0.200
dcp  24.667 -33.994 -27.297 0.200
dcp  24.667 -34.794 -27.497 0.200
dcp  24.867 -36.194 -28.297 0.600
dcp  24.267 -37.394 -29.297 1.400
dcp  24.667 -38.794 -30.897 1.400
dcp  23.867 -39.994 -31.497 1.000
dcp  24.267 -41.194 -32.697 0.200
dcp  24.267 -42.194 -33.297 0.200
dcp  24.667 -42.994 -33.497 0.200
dcp  24.867 -43.794 -33.497 0.200
dcp  25.267 -44.394 -33.697 0.600
dcp  25.267 -45.994 -33.897 1.400
dcp  25.067 -46.994 -33.297 0.200
bp   24.867 -46.794 -33.897 1.000
dcp  24.067 -46.994 -35.697 0.200
dcp  23.667 -47.794 -35.697 0.200
dcp  23.067 -48.394 -35.497 0.600
dcp  22.067 -49.194 -35.497 1.400
dcp  21.467 -50.394 -35.697 1.400
dcp  21.467 -51.794 -35.497 1.000
dcp  21.067 -53.394 -36.897 0.200
dcp  20.467 -54.394 -37.297 0.200
dcp  19.867 -54.794 -37.297 0.200
dcp  19.467 -55.594 -37.297 0.600
dcp  19.467 -56.994 -37.297 0.600
dcp  18.867 -57.794 -39.297 0.600
dcp  18.867 -58.994 -39.297 0.200
dcp  18.267 -59.594 -40.697 0.200
dcp  17.867 -60.794 -41.297 1.400
dcp  16.867 -61.194 -41.297 1.400
dcp  16.267 -62.194 -43.497 0.200
dcp  16.267 -63.394 -44.497 0.200
dcp  15.267 -64.194 -44.497 0.200
join 15.267 -64.194 -44.497 0.200
dcp  14.467 -63.594 -44.097 0.600
dcp  14.467 -63.594 -44.097 0.600
dcp  14.467 -65.594 -44.497 0.600
dcp  14.467 -65.594 -44.297 0.200
dcp  14.267 -66.194 -45.697 0.200
dcp  14.467 -66.594 -45.897 0.600
dcp  14.267 -67.994 -46.697 1.400
dcp  14.467 -68.994 -46.097 0.600
bp   14.067 -69.394 -46.697 1.400
dcp  14.467 -70.794 -46.897 0.200
dcp  14.467 -71.594 -46.697 0.200
dcp  14.467 -72.394 -47.497 0.200
dcp  14.667 -72.594 -47.697 0.600
dcp  12.867 -73.994 -48.297 0.600
dcp  13.067 -74.794 -48.697 0.200
dcp  13.067 -75.594 -47.297 0.200
dcp  13.267 -76.594 -49.697 0.200
dcp  13.867 -77.194 -49.897 0.200
dcp  14.067 -77.994 -50.297 0.200
dcp  14.267 -78.394 -50.097 0.600
dcp  14.267 -79.394 -50.297 0.600
dcp  14.267 -79.394 -50.297 0.200
dcp  14.067 -80.194 -51.297 0.200
dcp  14.067 -80.594 -51.697 0.200
dcp  14.667 -80.994 -51.497 0.600
dcp  14.467 -81.994 -52.497 0.600
dcp  14.067 -82.794 -52.697 0.600
dcp  14.067 -83.194 -53.897 0.200
dcp  14.267 -83.594 -54.297 0.200
dcp  14.467 -83.794 -55.297 0.200
dcp  14.467 -84.394 -55.897 0.600
dcp  15.067 -85.194 -55.897 0.600
dcp  14.867 -85.994 -55.897 0.600
dcp  14.667 -86.394 -56.097 0.200
dcp  14.067 -87.194 -55.697 0.200
dcp  14.067 -87.994 -55.897 0.200
dcp  14.067 -88.394 -55.697 0.600
dcp  13.667 -89.394 -55.897 0.600
dcp  13.867 -90.594 -56.097 0.600
dcp  12.667 -91.394 -57.097 0.200
dcp  12.067 -92.194 -57.497 0.200
dcp  11.867 -93.594 -57.697 0.200
dcp  11.067 -94.194 -57.697 0.200
dcp  11.067 -94.594 -57.697 0.600
dcp  9.667 -95.794 -57.897 0.600
ne   9.667 -95.794 -57.297 0.600
dcp  14.067 -69.394 -46.697 1.400
dcp  14.467 -68.594 -46.297 0.200
ne   14.467 -68.594 -46.297 0.200
dcp  24.867 -46.794 -33.897 1.000
dcp  25.667 -46.994 -33.497 0.200
dcp  26.267 -47.394 -33.497 0.200
dcp  26.667 -47.794 -33.697 0.600
dcp  27.667 -47.794 -33.697 0.600
dcp  27.867 -48.594 -34.497 0.200
dcp  28.267 -48.994 -34.497 0.200
dcp  28.267 -48.994 -34.297 0.600
dcp  28.867 -49.994 -35.897 0.600
dcp  29.467 -50.394 -35.897 0.600
dcp  29.467 -50.794 -37.497 0.200
dcp  29.467 -51.194 -37.697 0.200
dcp  29.867 -51.594 -37.697 0.600
dcp  30.867 -52.194 -37.697 0.600
dcp  30.467 -52.994 -39.297 0.200
dcp  31.267 -53.794 -40.097 0.200
dcp  31.467 -53.394 -39.897 -0.200
dcp  31.467 -53.794 -39.697 0.600
dcp  32.467 -54.194 -39.897 0.600
ne   32.867 -55.594 -40.097 0.600
dcp  19.267 -18.394 -22.697 1.400
dcp  19.667 -16.994 -22.897 0.600
dcp  20.667 -16.994 -22.897 0.600
dcp  21.667 -17.394 -22.897 0.200
dcp  22.667 -17.794 -23.097 0.200
dcp  23.667 -17.794 -24.097 0.600
dcp  24.267 -18.194 -22.697 1.400
dcp  25.467 -18.794 -22.897 1.400
dcp  26.867 -19.194 -23.097 1.400
dcp  27.267 -19.594 -23.897 1.000
dcp  28.067 -20.394 -23.097 1.000
dcp  29.067 -20.794 -23.097 1.400
bp   29.467 -20.794 -22.897 1.400
dcp  29.067 -19.194 -23.897 0.200
dcp  30.067 -18.794 -25.297 0.600
dcp  29.467 -17.394 -26.897 0.600
dcp  29.067 -16.194 -25.897 0.600
dcp  29.867 -15.594 -27.497 0.600
dcp  30.467 -15.194 -27.497 0.600
dcp  30.467 -14.394 -27.497 0.200
dcp  31.667 -13.994 -25.697 0.200
dcp  32.467 -13.594 -26.497 0.200
dcp  33.667 -13.194 -26.497 0.600
dcp  34.667 -12.194 -26.497 0.600
dcp  34.667 -12.194 -26.697 1.400
dcp  35.667 -11.394 -26.697 1.000
dcp  35.867 -10.994 -26.497 1.000
dcp  36.267 -10.994 -25.497 0.200
dcp  36.267 -9.994 -24.897 0.200
dcp  36.667 -9.594 -24.697 0.200
dcp  36.667 -8.794 -24.697 0.600
dcp  36.267 -7.594 -24.697 0.600
dcp  36.667 -6.194 -24.297 0.200
dcp  35.867 -5.394 -23.097 0.200
dcp  36.267 -4.994 -22.897 0.600
dcp  35.267 -3.994 -22.897 0.600
dcp  35.267 -2.794 -20.497 0.200
dcp  35.667 -1.994 -19.697 0.200
dcp  35.867 -0.994 -19.697 0.600
dcp  36.667 -0.194 -18.097 0.600
dcp  36.867 0.606 -16.697 0.200
dcp  37.267 1.606 -15.697 0.200
dcp  37.867 2.406 -14.697 0.600
dcp  37.667 3.206 -14.697 1.400
dcp  36.667 4.206 -14.497 1.400
dcp  37.267 5.406 -14.297 1.000
dcp  37.867 6.806 -14.297 0.200
dcp  37.667 7.606 -14.697 0.200
dcp  38.467 7.206 -14.897 1.000
dcp  37.667 8.406 -14.697 1.000
dcp  36.867 9.406 -14.097 0.200
dcp  37.267 10.606 -14.297 0.200
dcp  37.867 11.406 -14.297 0.200
dcp  38.267 11.406 -13.097 0.200
dcp  37.867 12.206 -12.697 0.600
dcp  38.467 12.606 -12.697 0.600
dcp  38.267 13.606 -11.097 0.200
dcp  38.267 14.806 -10.297 0.200
dcp  38.867 15.606 -9.897 0.600
dcp  39.267 17.006 -10.897 0.600
dcp  40.067 16.806 -10.897 1.400
dcp  40.667 18.206 -11.097 1.000
dcp  41.667 19.006 -10.697 0.200
dcp  42.867 19.806 -10.097 0.200
dcp  42.867 21.206 -11.097 0.200
dcp  42.467 21.206 -11.897 0.200
dcp  42.867 22.606 -11.897 0.600
dcp  42.467 23.806 -11.697 0.600
dcp  42.067 24.806 -11.897 0.200
dcp  42.867 25.606 -11.097 0.200
dcp  42.867 26.806 -11.297 0.200
dcp  43.067 27.806 -11.497 0.600
dcp  42.467 29.006 -11.497 0.600
dcp  41.867 29.806 -11.897 0.200
dcp  41.267 30.806 -13.297 0.200
dcp  40.867 31.606 -14.097 0.200
dcp  40.867 33.006 -15.697 0.200
dcp  40.467 34.206 -15.697 0.200
dcp  40.467 34.206 -15.697 0.200
dcp  40.867 35.006 -15.697 0.600
dcp  40.467 36.406 -15.897 1.400
dcp  40.467 37.606 -15.897 0.600
dcp  40.867 39.006 -15.897 0.200
dcp  40.467 40.206 -14.697 0.200
dcp  40.867 41.006 -14.897 0.200
dcp  41.467 42.006 -14.697 0.600
dcp  42.067 42.406 -14.697 0.600
dcp  42.867 42.806 -14.897 0.600
dcp  43.067 42.806 -13.097 0.200
dcp  43.467 43.606 -11.297 0.200
dcp  44.067 44.206 -11.297 0.200
dcp  44.067 44.606 -11.097 0.200
dcp  45.067 45.406 -11.097 0.600
dcp  45.667 46.206 -10.897 0.600
dcp  46.067 47.206 -10.497 0.200
dcp  46.667 48.406 -10.297 0.200
dcp  47.067 48.806 -10.097 0.600
dcp  48.067 49.206 -10.097 0.600
ne   48.067 49.206 -10.097 0.600
dcp  29.467 -20.794 -22.897 1.400
dcp  29.067 -21.794 -22.897 0.600
dcp  29.667 -22.594 -22.897 0.600
dcp  29.867 -23.594 -22.697 0.200
dcp  30.867 -23.994 -20.097 0.200
dcp  31.867 -23.994 -23.297 0.200
dcp  32.467 -23.994 -23.297 0.600
dcp  33.267 -24.394 -23.697 0.600
dcp  33.867 -24.194 -24.097 0.600
bp   34.467 -24.794 -24.497 1.400
dcp  35.267 -25.794 -24.897 0.200
dcp  36.067 -26.194 -24.897 0.200
dcp  36.867 -26.594 -24.897 0.200
dcp  37.067 -26.594 -25.097 0.200
dcp  37.867 -27.394 -25.097 0.600
dcp  38.467 -27.794 -25.097 0.600
dcp  38.667 -28.794 -25.697 0.200
dcp  40.067 -29.194 -26.097 0.200
dcp  40.467 -29.994 -24.497 0.200
dcp  41.067 -30.794 -24.297 0.200
dcp  41.667 -31.394 -24.097 0.200
dcp  42.267 -31.794 -24.097 0.600
dcp  43.267 -32.194 -24.297 0.600
dcp  44.267 -32.594 -24.297 0.600
dcp  45.267 -33.394 -24.097 0.200
dcp  45.867 -33.394 -24.897 0.200
dcp  46.867 -33.794 -25.497 0.200
dcp  47.467 -34.394 -25.697 0.600
dcp  48.467 -34.794 -25.697 0.600
dcp  49.067 -35.194 -25.697 0.600
dcp  50.067 -35.594 -29.497 0.200
dcp  50.867 -35.994 -30.097 0.200
dcp  51.067 -36.394 -30.097 0.600
dcp  51.867 -36.994 -30.097 0.600
dcp  52.467 -37.794 -31.097 0.200
dcp  53.067 -37.994 -33.897 0.600
dcp  54.867 -38.994 -35.097 0.600
dcp  55.067 -39.794 -35.897 0.200
dcp  55.467 -40.194 -35.897 0.200
dcp  56.067 -40.194 -36.097 0.600
dcp  56.667 -40.994 -37.097 0.600
dcp  57.467 -41.594 -38.297 0.200
dcp  58.067 -41.594 -39.697 0.200
dcp  58.667 -41.994 -39.897 0.600
dcp  59.667 -42.394 -39.897 0.600
dcp  60.067 -43.194 -41.297 0.200
dcp  60.267 -43.594 -42.297 0.200
dcp  60.267 -44.194 -42.297 0.600
dcp  61.267 -44.994 -42.297 0.600
dcp  61.667 -45.394 -43.897 0.600
join 61.667 -45.394 -43.897 0.600
dcp  59.267 -44.794 -44.097 0.200
dcp  60.467 -46.794 -43.897 0.200
dcp  60.467 -46.394 -43.897 0.200
dcp  60.467 -47.194 -43.697 0.600
dcp  62.267 -48.194 -43.697 0.600
dcp  63.067 -49.194 -45.697 0.200
dcp  64.267 -49.994 -45.897 0.200
dcp  64.867 -50.794 -46.297 0.200
dcp  65.867 -50.994 -46.897 0.200
dcp  66.467 -51.594 -46.897 0.600
dcp  67.267 -51.994 -46.897 0.600
dcp  68.667 -52.594 -47.497 0.600
dcp  69.467 -53.194 -48.097 0.200
dcp  70.067 -53.394 -49.497 0.200
dcp  71.267 -54.194 -49.897 0.200
dcp  72.067 -54.594 -49.897 0.200
dcp  72.467 -54.394 -49.897 0.200
dcp  73.467 -54.194 -49.897 0.600
dcp  73.867 -54.194 -50.697 0.600
dcp  75.067 -54.594 -51.297 0.600
dcp  75.267 -54.994 -51.897 0.200
dcp  76.267 -55.194 -52.097 0.200
dcp  77.267 -55.594 -52.097 0.200
dcp  77.267 -55.594 -52.297 0.200
dcp  78.667 -55.794 -52.297 0.600
dcp  79.067 -55.794 -52.097 0.600
dcp  80.267 -56.194 -52.297 0.600
dcp  80.467 -56.594 -54.897 0.200
dcp  81.467 -57.194 -55.497 0.200
dcp  82.267 -57.594 -56.297 0.200
dcp  83.067 -58.194 -56.697 0.200
dcp  83.467 -58.594 -56.897 0.200
dcp  84.267 -58.394 -56.897 0.200
dcp  84.867 -58.994 -57.297 0.600
dcp  85.667 -59.594 -57.697 0.600
dcp  86.667 -59.794 -58.297 0.600
dcp  87.267 -60.394 -60.097 0.200
dcp  89.467 -61.794 -60.097 0.200
dcp  90.267 -62.394 -60.497 0.200
dcp  91.067 -62.994 -60.497 0.200
dcp  91.067 -63.394 -60.297 0.200
dcp  91.267 -63.994 -60.297 0.200
dcp  91.867 -64.394 -60.497 0.200
dcp  91.867 -64.394 -61.497 0.600
dcp  93.667 -65.594 -60.097 0.600
ne   93.667 -65.594 -60.097 0.600
dcp  34.467 -24.794 -24.497 1.400
dcp  34.267 -23.394 -23.497 0.600
dcp  34.867 -22.994 -23.297 0.200
dcp  35.667 -22.594 -23.297 0.200
dcp  36.467 -21.594 -24.097 0.600
dcp  36.867 -21.194 -24.697 0.600
dcp  37.467 -20.394 -25.897 0.600
dcp  37.867 -19.994 -25.897 0.600
dcp  38.467 -18.594 -27.097 1.400
dcp  39.067 -17.394 -27.297 1.400
dcp  39.867 -15.994 -29.497 1.000
dcp  40.067 -15.194 -31.097 1.000
dcp  41.067 -14.794 -32.497 1.000
dcp  40.467 -14.394 -33.497 0.200
dcp  41.467 -13.994 -34.497 0.200
dcp  42.067 -13.594 -34.697 0.600
dcp  42.667 -12.994 -33.297 0.200
bp   42.667 -12.994 -34.897 1.400
dcp  43.467 -12.594 -34.897 1.400
dcp  43.467 -12.994 -36.097 0.200
dcp  44.067 -12.994 -34.697 0.200
dcp  44.667 -12.994 -34.697 0.600
dcp  46.067 -12.594 -34.697 0.600
dcp  46.267 -12.594 -34.697 0.200
dcp  47.067 -11.794 -34.697 0.200
dcp  47.267 -11.794 -34.697 0.200
dcp  47.667 -12.194 -34.697 0.600
dcp  48.667 -12.194 -36.097 0.600
dcp  49.667 -12.594 -36.097 0.200
dcp  50.267 -12.994 -36.297 0.200
dcp  51.267 -13.594 -36.297 0.200
dcp  52.467 -13.994 -36.497 0.600
dcp  53.067 -14.794 -36.497 0.600
dcp  54.067 -15.594 -36.897 0.600
dcp  54.867 -15.994 -36.697 0.600
dcp  55.667 -16.594 -36.297 0.600
dcp  56.067 -16.994 -36.297 0.200
dcp  57.067 -17.794 -36.097 0.200
dcp  58.267 -18.194 -36.097 0.200
dcp  59.067 -18.194 -36.297 0.600
dcp  59.667 -19.194 -36.297 0.600
dcp  59.667 -18.594 -36.897 0.200
dcp  61.267 -19.594 -37.097 0.200
dcp  61.867 -19.994 -38.297 0.200
dcp  62.667 -20.394 -38.297 0.200
dcp  62.867 -20.394 -38.497 0.600
dcp  63.867 -20.794 -38.497 0.600
dcp  64.867 -20.794 -38.497 0.600
dcp  65.867 -21.194 -38.497 0.200
dcp  66.867 -21.194 -38.497 0.200
dcp  68.067 -21.594 -38.497 0.200
dcp  68.867 -21.194 -38.697 0.600
dcp  69.667 -21.194 -38.497 0.600
dcp  70.667 -21.194 -38.697 0.600
dcp  70.667 -20.994 -38.297 0.200
dcp  71.867 -20.594 -38.297 0.200
dcp  72.667 -20.194 -38.297 0.200
dcp  73.267 -20.194 -38.297 0.600
dcp  73.867 -19.594 -38.297 1.400
dcp  74.867 -19.194 -38.297 1.000
dcp  75.867 -18.794 -39.497 0.200
dcp  76.267 -18.394 -39.697 0.200
dcp  77.467 -17.194 -39.697 0.200
dcp  78.067 -17.194 -39.697 0.200
dcp  78.467 -17.194 -39.497 0.200
dcp  78.467 -17.194 -39.697 0.200
dcp  78.467 -17.194 -39.697 0.200
dcp  78.067 -17.194 -39.697 0.200
dcp  78.067 -17.194 -39.697 0.200
dcp  78.467 -17.194 -39.697 0.600
dcp  79.467 -16.194 -39.697 0.600
dcp  79.867 -15.794 -40.097 0.200
dcp  81.467 -14.594 -41.297 0.200
tae  81.467 -14.594 -41.097 0.200
dcp  42.667 -12.994 -34.897 1.400
dcp  42.267 -12.194 -34.897 0.200
dcp  43.067 -10.994 -36.297 0.200
dcp  43.667 -10.994 -36.697 0.200
dcp  44.267 -11.394 -36.697 0.200
dcp  44.867 -11.794 -36.697 0.600
dcp  45.267 -12.194 -38.697 0.600
dcp  45.667 -11.794 -39.297 0.200
dcp  45.867 -11.394 -39.297 0.600
dcp  46.867 -10.394 -39.297 0.600
dcp  47.467 -10.394 -41.297 0.600
dcp  48.267 -10.394 -42.697 0.200
join 48.467 -10.394 -42.697 0.200
dcp  47.067 -11.394 -38.897 0.200
dcp  47.467 -11.394 -38.897 0.600
dcp  50.667 -10.594 -40.697 0.600
dcp  51.467 -10.194 -40.697 0.200
dcp  52.867 -8.994 -40.497 0.200
dcp  52.867 -8.994 -40.497 0.200
dcp  53.467 -8.594 -40.697 0.600
dcp  55.467 -8.794 -42.297 0.600
dcp  56.067 -8.194 -43.897 0.200
dcp  56.267 -6.794 -44.097 0.200
dcp  56.667 -6.394 -44.297 0.200
dcp  57.067 -5.794 -46.697 0.600
dcp  58.867 -4.994 -47.697 0.600
dcp  60.067 -4.794 -48.497 0.600
dcp  61.067 -4.394 -49.497 0.600
dcp  62.667 -4.594 -49.497 0.600
dcp  63.067 -4.794 -49.497 0.200
dcp  63.667 -5.794 -50.897 0.200
dcp  65.067 -7.394 -50.897 0.200
dcp  65.867 -7.194 -51.097 0.600
dcp  66.467 -7.394 -51.297 0.600
dcp  66.467 -7.394 -51.497 1.400
dcp  67.867 -8.394 -51.497 1.400
dcp  67.867 -8.394 -51.497 1.400
bp   68.267 -8.194 -51.697 0.200
dcp  69.867 -7.594 -51.697 0.200
dcp  70.867 -7.394 -52.097 0.200
dcp  72.467 -7.394 -52.697 0.200
dcp  73.467 -7.594 -52.697 0.200
dcp  74.467 -7.394 -52.497 0.600
dcp  75.667 -7.994 -51.297 0.600
dcp  76.267 -8.194 -53.097 0.200
dcp  79.267 -7.994 -50.097 0.200
dcp  79.867 -7.994 -50.097 0.200
dcp  80.467 -7.794 -48.897 0.200
dcp  81.667 -8.394 -50.697 0.200
dcp  82.067 -8.394 -49.097 0.200
dcp  83.067 -8.594 -49.097 0.200
dcp  83.867 -9.394 -48.897 0.200
dcp  84.067 -9.794 -48.897 0.200
dcp  84.867 -9.594 -48.897 0.200
dcp  85.867 -8.594 -48.697 0.600
dcp  86.667 -7.394 -48.697 0.600
dcp  87.067 -6.994 -48.097 0.200
dcp  87.067 -6.194 -50.097 0.200
dcp  87.667 -4.994 -51.697 0.200
dcp  89.267 -4.594 -51.497 0.200
dcp  89.467 -4.594 -51.897 0.200
dcp  90.067 -3.994 -52.297 0.200
dcp  90.067 -3.994 -52.297 0.200
dcp  90.267 -3.994 -52.497 0.600
dcp  91.867 -4.594 -53.697 0.600
dcp  92.867 -4.794 -55.297 0.200
dcp  93.667 -5.394 -55.897 0.200
dcp  94.267 -5.794 -56.097 0.200
dcp  95.067 -5.994 -56.097 0.600
dcp  96.067 -5.794 -56.297 0.600
dcp  96.067 -5.594 -59.497 0.200
dcp  97.067 -5.994 -60.897 0.200
dcp  98.067 -6.194 -61.297 0.200
dcp  98.867 -6.594 -61.297 0.200
dcp  99.267 -6.394 -61.497 0.600
dcp  100.467 -6.594 -61.497 0.600
dcp  100.867 -5.994 -63.697 0.200
dcp  104.067 -5.794 -63.897 0.200
dcp  104.067 -5.794 -65.297 0.200
dcp  105.067 -5.994 -65.897 0.200
dcp  106.067 -6.194 -66.297 0.200
dcp  106.467 -5.994 -66.297 0.200
dcp  106.667 -6.394 -67.097 0.600
dcp  107.667 -6.194 -66.497 0.600
ne   107.667 -6.194 -65.297 0.600
dcp  68.267 -8.194 -51.697 0.200
dcp  68.467 -9.194 -51.097 0.200
dcp  69.867 -10.194 -51.297 0.200
dcp  70.467 -10.594 -51.297 0.600
dcp  71.267 -11.794 -51.297 0.600
dcp  71.267 -11.794 -52.097 0.200
dcp  72.267 -12.394 -52.497 0.200
dcp  73.067 -12.594 -53.497 0.200
dcp  74.067 -12.794 -54.097 0.200
dcp  74.467 -12.794 -54.297 0.200
dcp  74.467 -12.794 -54.297 0.200
dcp  75.067 -12.994 -54.497 0.200
dcp  77.467 -12.194 -54.497 0.200
dcp  77.867 -11.594 -57.297 0.800
dcp  78.067 -11.394 -57.097 0.400
dcp  78.467 -11.394 -57.297 0.200
dcp  79.867 -10.394 -57.297 0.200
dcp  80.267 -10.194 -59.297 0.200
dcp  81.267 -9.594 -59.097 0.200
dcp  81.267 -9.594 -60.297 0.600
dcp  83.667 -8.594 -61.497 0.600
dcp  84.067 -8.794 -64.297 0.200
dcp  85.067 -8.594 -64.297 0.200
dcp  85.467 -8.594 -64.497 0.600
dcp  86.067 -8.394 -65.097 0.600
dcp  86.067 -8.794 -65.697 0.200
dcp  87.467 -8.594 -66.497 0.200
dcp  87.667 -8.394 -66.897 0.600
dcp  89.067 -8.594 -67.097 0.600
dcp  89.867 -9.194 -69.497 0.200
dcp  90.267 -9.394 -70.497 0.200
dcp  91.267 -9.194 -70.697 0.200
dcp  92.267 -9.994 -70.897 0.200
dcp  92.867 -10.794 -71.297 0.200
dcp  93.467 -10.994 -71.297 0.200
dcp  94.267 -10.994 -71.497 0.200
dcp  94.867 -11.194 -71.297 0.200
dcp  95.667 -11.594 -71.497 0.200
dcp  96.067 -11.594 -71.697 0.200
dcp  96.067 -11.594 -71.697 0.200
dcp  95.667 -11.594 -71.697 0.200
dcp  96.667 -11.794 -70.697 0.600
dcp  99.067 -14.194 -69.297 0.600
dcp  99.467 -14.594 -67.897 0.200
dcp  100.667 -15.594 -67.697 0.200
dcp  101.867 -16.794 -67.697 0.200
dcp  102.267 -16.594 -67.297 0.600
dcp  103.467 -17.194 -67.697 0.600
dcp  104.067 -17.594 -67.097 0.200
dcp  105.467 -18.194 -67.097 0.200
dcp  105.067 -17.794 -66.897 0.600
dcp  106.267 -18.194 -66.897 0.600
dcp  108.267 -18.994 -66.897 0.600
dcp  108.067 -18.994 -67.697 0.200
dcp  109.067 -19.594 -66.097 0.200
dcp  109.267 -19.594 -65.897 0.600
dcp  110.067 -19.394 -65.897 0.600
ne   110.067 -19.394 -65.897 0.200
mto  0.867 -8.194 -7.497 0.600
dcp  0.867 -8.194 -7.497 0.600
dcp  1.667 -9.594 -12.297 0.600
dcp  1.667 -9.594 -10.097 0.600
bp   2.667 -9.994 -14.097 0.600
dcp  3.067 -10.794 -18.497 0.600
dcp  5.267 -11.194 -19.097 0.600
dcp  6.267 -12.594 -20.097 0.600
dcp  7.067 -13.794 -23.897 0.600
dcp  7.267 -14.794 -23.697 0.200
dcp  7.267 -15.594 -23.697 0.200
dcp  7.267 -16.394 -23.297 0.600
dcp  7.267 -17.394 -21.097 0.600
dcp  7.267 -18.594 -26.697 0.200
dcp  7.667 -19.394 -28.297 0.200
dcp  7.867 -20.794 -28.497 0.200
dcp  8.267 -21.594 -30.097 0.600
dcp  8.867 -22.594 -30.297 0.600
dcp  9.267 -22.994 -32.497 0.600
dcp  9.867 -23.394 -32.897 0.600
bp   9.867 -23.394 -32.897 0.600
dcp  9.867 -24.594 -32.697 0.200
dcp  10.467 -25.994 -32.497 0.200
dcp  10.467 -26.794 -32.697 0.200
dcp  10.867 -27.194 -32.697 0.600
dcp  11.467 -28.194 -32.897 0.600
dcp  11.867 -29.394 -37.097 0.200
dcp  11.867 -30.194 -37.697 0.200
dcp  12.267 -30.594 -37.697 0.600
dcp  12.467 -31.594 -37.897 0.600
dcp  12.867 -32.394 -39.097 0.200
dcp  12.867 -32.794 -39.497 0.200
dcp  13.067 -33.194 -39.497 0.600
dcp  13.467 -34.594 -39.697 0.600
tae  14.067 -34.994 -40.697 0.600
dcp  9.867 -23.394 -32.897 0.600
dcp  10.467 -24.194 -38.497 0.600
dcp  11.467 -24.594 -40.497 0.600
join 11.867 -24.994 -41.097 0.600
dcp  10.867 -22.994 -41.897 0.600
dcp  11.267 -22.994 -41.897 0.600
dcp  12.467 -23.394 -43.897 0.600
dcp  12.867 -22.994 -46.297 0.200
dcp  13.467 -22.794 -47.897 0.200
dcp  13.867 -22.594 -48.297 0.200
dcp  13.867 -22.594 -48.297 0.600
dcp  15.067 -22.794 -49.497 0.600
dcp  14.867 -22.394 -51.497 0.200
dcp  14.867 -22.394 -51.497 0.200
dcp  15.067 -22.394 -52.097 0.600
dcp  14.867 -21.594 -52.697 0.600
dcp  15.067 -20.794 -54.097 0.200
dcp  15.467 -20.194 -54.697 0.200
dcp  16.067 -20.194 -55.497 0.200
dcp  16.067 -19.794 -56.497 0.600
dcp  17.067 -19.394 -56.497 0.600
dcp  17.867 -18.794 -58.897 0.200
dcp  18.467 -18.794 -59.297 0.200
dcp  18.067 -18.394 -60.297 0.200
dcp  17.867 -18.794 -60.297 0.600
dcp  19.467 -18.594 -60.497 0.600
dcp  19.467 -18.394 -60.697 0.600
dcp  19.067 -18.394 -64.697 0.200
dcp  19.667 -18.594 -65.097 0.200
dcp  19.667 -18.594 -65.097 0.200
dcp  20.667 -18.394 -65.697 0.600
dcp  19.867 -17.394 -66.297 0.600
dcp  19.867 -17.394 -67.497 0.200
dcp  20.267 -17.594 -69.297 0.200
dcp  20.267 -17.594 -70.297 0.200
dcp  20.867 -17.394 -70.497 0.600
dcp  19.867 -16.794 -70.697 0.600
dcp  20.267 -16.994 -73.697 0.200
dcp  20.267 -16.994 -74.697 0.200
dcp  20.267 -17.394 -75.497 0.200
dcp  19.467 -18.394 -75.897 0.600
dcp  20.667 -18.994 -75.897 0.600
dcp  20.667 -18.394 -80.497 0.200
dcp  21.267 -18.194 -81.297 0.200
dcp  21.467 -18.594 -82.097 0.200
dcp  21.467 -18.594 -82.497 0.200
dcp  21.467 -18.594 -83.097 0.600
dcp  23.467 -19.594 -83.697 0.600
dcp  23.067 -19.394 -89.297 0.200
dcp  23.667 -19.594 -90.697 0.200
dcp  24.267 -19.594 -91.097 0.200
dcp  25.467 -19.794 -91.697 0.200
dcp  25.867 -19.594 -92.697 0.200
dcp  25.867 -19.594 -93.097 0.200
dcp  26.267 -19.394 -93.697 0.200
dcp  26.267 -19.394 -94.097 0.200
dcp  26.267 -19.794 -95.897 0.600
dcp  27.267 -20.194 -95.897 0.600
dcp  28.067 -20.394 -95.897 0.600
dcp  28.067 -19.794 -100.697 0.200
dcp  28.067 -19.794 -102.897 0.200
dcp  27.867 -19.794 -102.897 0.600
dcp  29.267 -19.994 -103.097 0.600
dcp  29.067 -20.394 -103.097 0.200
dcp  29.267 -20.394 -104.697 0.200
dcp  29.067 -20.394 -104.497 0.600
dcp  30.867 -20.794 -105.497 0.600
dcp  30.467 -21.194 -108.097 0.200
dcp  30.667 -21.594 -108.497 0.200
dcp  30.667 -22.194 -110.297 0.600
dcp  30.867 -23.394 -110.297 0.600
dcp  32.467 -23.394 -113.097 0.200
dcp  31.467 -23.394 -113.897 0.200
dcp  31.067 -23.994 -113.897 0.200
dcp  31.867 -24.794 -114.097 0.600
dcp  31.267 -25.794 -115.697 0.600
dcp  31.467 -25.594 -117.697 0.200
dcp  31.467 -25.594 -117.897 0.200
join 31.467 -25.994 -118.097 0.200
dcp  36.667 -26.994 -118.297 0.200
dcp  36.267 -25.594 -119.897 0.200
dcp  35.267 -24.794 -120.297 0.200
dcp  34.867 -23.994 -120.897 0.200
dcp  34.467 -23.994 -121.697 0.600
dcp  33.267 -22.594 -121.497 0.600
dcp  33.267 -22.594 -121.497 0.200
dcp  31.867 -21.794 -121.497 0.200
dcp  31.867 -21.394 -121.497 0.600
dcp  30.867 -20.394 -121.497 0.600
dcp  30.267 -20.394 -121.697 0.200
dcp  29.267 -20.594 -122.097 0.200
dcp  28.267 -21.194 -121.497 0.200
dcp  28.267 -21.194 -121.697 0.600
dcp  27.067 -21.594 -121.297 0.600
dcp  27.267 -21.394 -118.297 0.600
ne   27.267 -21.394 -118.297 0.600
dcp  2.667 -9.994 -14.097 0.600
dcp  1.067 -7.394 -6.897 0.600
dcp  1.067 -6.594 -7.897 0.600
dcp  1.467 -5.594 -11.097 0.600
dcp  1.467 -4.794 -21.697 0.600
dcp  2.467 -4.794 -27.697 0.600
bp   2.667 -4.394 -31.297 0.600
dcp  2.467 -3.994 -32.497 0.600
dcp  1.267 -3.394 -37.297 0.600
bp   0.867 -3.394 -39.297 0.600
dcp  0.467 -3.194 -39.297 0.600
dcp  -0.133 -3.194 -39.297 1.400
dcp  -0.933 -3.194 -39.297 1.400
dcp  -1.533 -3.194 -39.297 1.000
dcp  -2.133 -3.594 -38.697 0.200
dcp  -3.133 -3.594 -39.097 0.200
dcp  -4.133 -3.994 -39.697 0.200
dcp  -5.133 -4.394 -41.097 0.200
dcp  -6.333 -4.794 -40.697 0.200
dcp  -6.733 -5.594 -40.697 0.200
dcp  -7.333 -5.594 -40.697 0.200
dcp  -7.733 -5.594 -40.697 0.600
dcp  -8.333 -6.194 -41.297 0.600
dcp  -9.333 -6.994 -41.897 0.600
dcp  -9.533 -7.394 -43.497 0.600
dcp  -9.933 -7.794 -42.897 0.200
dcp  -11.333 -8.194 -42.497 0.200
join -11.333 -8.194 -42.697 0.200
dcp  -14.933 -7.594 -39.297 0.200
dcp  -15.133 -8.794 -39.497 0.200
dcp  -16.133 -9.394 -38.097 0.200
dcp  -16.133 -9.794 -40.097 0.200
dcp  -16.733 -11.394 -39.697 0.200
dcp  -16.933 -11.794 -39.697 0.200
dcp  -17.133 -12.194 -40.097 0.200
dcp  -17.133 -12.594 -39.297 0.200
dcp  -17.933 -13.194 -39.297 0.200
dcp  -17.933 -13.794 -39.097 0.200
dcp  -17.733 -14.194 -39.897 0.200
dcp  -18.333 -14.794 -40.297 0.200
dcp  -18.733 -15.194 -40.297 0.200
dcp  -18.733 -15.594 -40.297 0.200
dcp  -19.133 -15.994 -40.297 0.600
dcp  -19.533 -17.194 -40.697 0.600
dcp  -19.733 -17.594 -40.697 0.600
dcp  -20.733 -18.194 -40.697 0.200
dcp  -21.333 -18.394 -41.697 0.200
dcp  -22.333 -18.394 -41.897 0.200
dcp  -22.733 -18.994 -41.897 0.200
dcp  -22.733 -19.394 -42.097 0.600
dcp  -22.933 -20.394 -42.297 0.600
dcp  -23.733 -20.994 -42.297 0.600
dcp  -24.333 -21.194 -42.297 0.600
dcp  -24.533 -21.194 -42.297 0.200
dcp  -25.733 -20.994 -42.297 0.200
dcp  -26.333 -21.594 -42.497 0.200
dcp  -26.933 -21.594 -42.297 0.200
dcp  -26.933 -21.994 -42.097 0.600
dcp  -28.333 -22.794 -42.297 0.600
dcp  -28.933 -22.194 -44.297 0.200
dcp  -29.533 -22.994 -44.497 0.200
dcp  -29.133 -23.394 -45.097 0.200
dcp  -29.333 -23.994 -45.297 0.200
dcp  -28.933 -24.394 -45.297 0.600
dcp  -30.133 -24.994 -45.297 0.600
dcp  -30.133 -24.994 -45.297 0.200
dcp  -30.933 -25.594 -46.097 0.200
dcp  -30.733 -25.994 -46.697 0.600
dcp  -31.533 -25.994 -47.497 1.400
dcp  -32.733 -26.594 -47.297 1.400
dcp  -33.533 -27.394 -49.697 0.200
dcp  -34.133 -27.394 -50.297 0.200
dcp  -34.533 -27.794 -51.297 0.200
dcp  -34.733 -27.994 -50.897 0.600
dcp  -36.133 -27.794 -50.897 0.600
dcp  -36.533 -28.194 -53.897 0.200
dcp  -36.733 -28.994 -54.497 0.200
dcp  -37.133 -29.994 -54.697 0.200
dcp  -37.333 -29.994 -54.497 0.200
dcp  -37.733 -29.594 -54.497 0.600
dcp  -39.333 -29.994 -54.497 0.600
dcp  -39.733 -29.594 -54.697 0.200
dcp  -39.933 -29.594 -54.697 0.200
dcp  -39.933 -29.594 -54.497 0.600
dcp  -40.733 -30.194 -54.497 0.600
dcp  -40.933 -30.194 -54.697 0.200
dcp  -41.133 -30.794 -54.497 0.200
dcp  -40.533 -30.994 -54.897 0.600
dcp  -41.533 -32.194 -56.297 0.600
dcp  -42.133 -32.194 -56.297 0.200
dcp  -43.133 -32.394 -56.297 0.200
dcp  -43.933 -32.994 -56.297 0.200
dcp  -44.933 -33.194 -56.297 0.200
dcp  -45.933 -33.394 -57.097 0.200
dcp  -46.333 -33.794 -57.097 0.600
dcp  -46.733 -34.394 -57.097 0.600
dcp  -47.333 -34.794 -56.897 0.600
dcp  -47.533 -35.594 -57.097 0.600
dcp  -48.133 -35.994 -58.097 0.200
dcp  -49.133 -36.194 -58.097 0.200
dcp  -49.133 -36.194 -57.097 0.200
dcp  -50.133 -36.794 -57.697 0.200
dcp  -50.133 -36.794 -57.897 0.600
dcp  -51.733 -37.194 -57.697 0.600
dcp  -52.133 -37.594 -56.297 0.200
dcp  -53.533 -37.994 -56.097 0.200
dcp  -54.133 -37.994 -56.097 0.200
dcp  -54.733 -37.794 -56.097 0.600
dcp  -56.333 -37.594 -56.097 0.600
dcp  -56.933 -37.794 -55.097 0.200
dcp  -57.933 -36.994 -55.097 0.200
dcp  -58.533 -37.194 -55.097 0.200
dcp  -59.533 -36.794 -56.097 0.200
dcp  -59.533 -36.994 -54.497 0.200
dcp  -59.533 -36.994 -54.297 0.600
dcp  -61.333 -35.994 -53.497 0.600
dcp  -62.333 -35.994 -52.697 0.200
dcp  -63.533 -35.594 -50.897 0.200
dcp  -64.133 -35.194 -51.897 0.200
dcp  -64.733 -34.994 -52.497 0.200
dcp  -65.933 -34.794 -50.897 0.200
dcp  -66.533 -34.594 -50.697 0.200
dcp  -67.333 -34.794 -50.697 0.200
dcp  -67.933 -34.394 -50.497 0.200
dcp  -67.533 -34.794 -50.497 0.600
dcp  -69.133 -34.594 -50.097 0.600
dcp  -69.133 -34.594 -51.097 0.600
ne   -69.133 -34.594 -51.097 0.600
dcp  0.867 -3.394 -39.297 0.600
dcp  1.067 -2.194 -39.297 -0.200
bp   0.467 -1.994 -40.497 0.200
dcp  -0.133 -1.794 -40.497 0.200
dcp  -0.133 -1.794 -40.497 0.200
dcp  -1.333 -1.994 -42.097 0.200
dcp  -1.933 -2.194 -42.097 0.600
dcp  -3.133 -1.194 -44.297 0.600
dcp  -3.733 -0.394 -46.097 0.600
dcp  -3.333 -0.394 -47.297 0.200
dcp  -3.933 0.806 -47.897 0.200
dcp  -3.133 1.006 -48.697 0.600
dcp  -4.333 1.406 -48.897 0.600
dcp  -5.133 2.006 -50.497 0.200
dcp  -5.933 2.806 -51.897 0.200
dcp  -5.933 3.206 -52.497 0.600
dcp  -7.933 4.606 -52.697 0.600
dcp  -8.333 5.006 -54.297 0.200
dcp  -10.133 5.606 -54.497 0.200
dcp  -10.333 5.406 -54.497 0.600
dcp  -11.533 6.606 -54.497 0.600
dcp  -11.533 6.406 -57.497 0.200
dcp  -12.133 7.606 -58.897 0.200
dcp  -11.933 8.606 -59.297 0.200
dcp  -12.133 9.806 -59.897 0.200
dcp  -11.933 9.806 -60.297 0.600
dcp  -12.933 12.006 -61.097 0.600
dcp  -13.133 12.806 -62.097 0.200
dcp  -13.333 14.206 -62.497 0.200
dcp  -13.533 15.406 -63.097 0.200
dcp  -13.933 16.606 -63.097 0.200
dcp  -13.933 17.206 -63.697 0.600
dcp  -14.133 18.406 -64.497 0.600
dcp  -15.333 19.606 -64.897 0.600
dcp  -15.733 19.806 -65.297 0.200
dcp  -16.333 21.406 -65.697 0.200
dcp  -16.733 22.806 -65.697 0.200
dcp  -17.133 22.806 -66.297 0.600
dcp  -17.533 23.806 -66.697 0.600
dcp  -17.933 24.206 -67.297 0.200
dcp  -19.133 25.406 -67.697 0.200
dcp  -19.333 25.806 -67.697 0.600
dcp  -20.733 27.406 -67.497 0.600
dcp  -21.733 27.606 -69.097 0.200
dcp  -23.133 29.006 -69.897 0.200
dcp  -23.333 29.606 -70.297 0.200
dcp  -23.333 29.606 -70.497 0.600
dcp  -24.133 31.406 -70.497 0.600
dcp  -25.133 33.006 -72.697 0.200
dcp  -25.333 34.006 -70.697 0.200
dcp  -24.933 34.406 -71.697 0.600
dcp  -25.533 35.606 -71.897 0.600
dcp  -25.333 36.606 -71.897 0.200
dcp  -25.333 38.606 -72.697 0.200
dcp  -25.333 38.606 -72.497 0.600
dcp  -25.933 39.206 -72.497 0.600
dcp  -25.133 41.006 -72.897 0.600
dcp  -25.133 41.806 -72.897 0.200
dcp  -25.133 43.206 -73.297 0.200
dcp  -24.733 45.206 -73.497 0.200
dcp  -24.533 45.606 -73.697 0.600
dcp  -23.733 47.406 -74.697 0.600
dcp  -23.933 48.806 -73.097 0.200
dcp  -23.133 50.006 -72.897 0.200
dcp  -22.533 51.606 -72.497 0.200
dcp  -22.533 51.606 -72.297 0.200
dcp  -22.533 51.606 -72.297 0.200
dcp  -21.933 51.806 -72.497 0.600
dcp  -21.333 53.406 -71.697 0.600
dcp  -21.333 53.806 -68.897 0.200
dcp  -21.133 55.206 -68.297 0.200
dcp  -19.933 56.606 -68.297 0.200
dcp  -19.533 57.406 -68.297 0.200
dcp  -19.333 57.806 -68.897 0.600
dcp  -19.133 59.006 -66.897 0.600
dcp  -18.933 59.406 -65.697 0.200
dcp  -18.333 60.206 -64.897 0.200
dcp  -18.733 60.006 -64.897 0.200
dcp  -18.133 60.606 -64.497 0.200
dcp  -18.533 60.406 -64.297 0.600
dcp  -17.533 61.606 -64.297 0.600
dcp  -17.533 61.606 -64.297 0.600
dcp  -17.733 61.806 -64.497 0.200
dcp  -17.733 62.606 -63.497 0.200
dcp  -16.733 62.806 -62.497 0.600
dcp  -16.933 64.206 -61.897 0.600
dcp  -16.333 64.606 -59.897 0.200
dcp  -16.333 65.006 -58.897 0.200
dcp  -16.333 66.006 -58.697 0.200
dcp  -16.133 66.406 -58.297 0.600
dcp  -15.333 68.206 -58.497 0.600
dcp  -15.333 68.606 -56.897 0.200
dcp  -15.333 69.206 -56.897 0.200
dcp  -14.133 69.806 -56.697 0.600
dcp  -14.533 70.606 -56.097 0.600
ne   -14.133 70.606 -56.697 0.200
dcp  0.467 -1.994 -40.497 0.200
dcp  1.067 -2.194 -40.497 -0.200
dcp  1.867 -0.194 -40.497 0.200
dcp  1.867 -0.194 -40.497 0.200
dcp  2.667 0.806 -42.497 0.200
dcp  3.267 1.406 -43.297 0.200
dcp  4.067 2.006 -43.497 0.200
dcp  4.067 2.006 -45.097 0.600
dcp  5.467 1.606 -45.897 0.600
dcp  5.467 1.606 -48.097 0.200
dcp  6.067 1.406 -48.497 0.200
dcp  6.067 1.406 -49.297 0.600
dcp  7.667 0.606 -49.897 0.600
dcp  7.867 0.406 -51.497 0.600
dcp  7.667 0.806 -53.097 0.200
dcp  8.067 0.406 -53.497 0.200
dcp  8.667 0.606 -53.497 0.600
dcp  9.667 0.806 -53.497 0.600
dcp  9.667 0.806 -56.297 0.200
dcp  10.867 0.606 -57.097 0.200
dcp  10.867 1.206 -57.497 0.600
dcp  11.867 1.406 -57.497 0.600
dcp  12.267 1.006 -58.897 0.200
dcp  13.467 1.606 -59.297 0.200
dcp  13.467 2.006 -59.497 0.600
dcp  14.867 3.006 -59.297 0.600
dcp  14.667 3.006 -59.697 0.200
dcp  15.467 3.606 -60.097 0.200
dcp  14.867 3.406 -60.097 0.200
dcp  15.667 3.606 -60.097 0.600
dcp  17.867 5.206 -61.297 0.600
dcp  17.867 5.606 -61.497 0.200
dcp  17.867 6.206 -62.697 0.200
dcp  18.667 6.806 -62.497 0.600
dcp  19.667 8.006 -62.697 0.600
dcp  19.467 8.406 -64.097 0.200
dcp  19.467 9.206 -64.097 0.200
dcp  19.667 9.806 -64.697 0.600
dcp  22.267 10.406 -64.697 0.600
dcp  22.067 11.206 -66.697 0.600
dcp  23.267 11.006 -68.097 0.200
dcp  24.067 10.806 -68.297 0.200
dcp  24.267 9.806 -70.497 0.200
dcp  24.667 10.006 -71.097 0.200
dcp  25.067 10.006 -72.297 0.600
dcp  25.867 11.806 -73.097 0.600
dcp  27.067 12.806 -75.897 0.600
dcp  26.667 12.806 -77.297 0.200
dcp  28.267 13.606 -77.697 0.200
dcp  27.867 14.006 -79.097 0.600
dcp  29.467 14.206 -79.697 0.600
dcp  28.867 15.206 -82.497 0.200
dcp  28.867 15.806 -83.497 0.200
dcp  29.267 16.206 -84.297 0.200
dcp  30.067 16.806 -84.497 0.200
dcp  30.267 16.806 -85.097 0.200
dcp  30.267 16.806 -85.297 0.200
dcp  30.267 16.806 -85.097 0.200
dcp  30.667 17.406 -85.297 0.600
dcp  31.867 18.606 -85.697 0.600
dcp  31.467 19.806 -88.697 0.200
dcp  31.867 20.006 -88.697 0.600
dcp  32.667 21.406 -88.497 0.600
dcp  32.867 21.806 -89.097 0.200
dcp  33.867 22.006 -90.497 0.200
dcp  34.467 22.606 -88.897 0.200
ne   34.467 22.606 -89.097 0.200
dcp  2.667 -4.394 -31.297 0.600
dcp  2.667 -4.794 -29.097 0.200
dcp  2.667 -5.194 -31.497 0.600
dcp  2.667 -6.194 -31.697 0.600
dcp  2.667 -6.594 -31.697 0.200
dcp  2.467 -7.394 -31.697 0.200
dcp  2.467 -8.194 -32.297 0.600
dcp  2.667 -9.994 -36.297 0.600
dcp  2.067 -10.794 -32.097 0.600
dcp  1.667 -12.194 -36.297 0.200
dcp  1.667 -13.394 -37.697 0.200
dcp  1.067 -15.194 -38.497 0.200
dcp  1.067 -15.194 -39.097 0.200
dcp  1.067 -15.194 -39.097 0.200
dcp  1.067 -15.194 -38.897 0.200
dcp  1.067 -15.594 -38.297 0.600
dcp  1.667 -17.394 -38.497 0.600
dcp  1.067 -18.594 -38.097 0.600
dcp  1.067 -19.394 -39.497 0.200
dcp  1.067 -19.994 -39.897 0.200
dcp  1.467 -20.794 -39.897 0.600
dcp  1.467 -21.594 -40.097 1.400
dcp  1.467 -22.994 -40.497 1.400
dcp  1.067 -23.794 -42.097 0.200
dcp  1.067 -24.594 -40.497 0.200
dcp  1.667 -26.794 -41.297 0.200
join 1.667 -26.794 -41.497 0.200
dcp  1.467 -26.194 -41.497 0.200
dcp  1.467 -27.394 -41.697 0.200
dcp  1.667 -28.794 -41.697 0.200
dcp  2.067 -29.394 -41.697 0.200
dcp  1.867 -29.794 -41.697 0.600
dcp  1.667 -32.194 -41.897 0.600
dcp  1.467 -32.594 -41.897 0.200
dcp  1.867 -33.394 -41.897 0.200
dcp  2.067 -34.794 -41.897 0.200
dcp  2.067 -35.194 -41.897 0.200
dcp  1.467 -35.394 -41.897 0.600
dcp  0.667 -36.594 -41.897 0.600
dcp  0.467 -37.794 -42.097 0.200
dcp  -0.333 -38.394 -42.297 0.200
dcp  -0.533 -38.994 -42.297 0.600
dcp  -0.733 -40.594 -43.297 1.400
dcp  -0.533 -41.594 -43.097 1.400
dcp  -0.333 -42.794 -43.097 1.000
dcp  -0.733 -43.594 -43.697 0.200
dcp  -0.733 -45.794 -45.097 0.200
dcp  -0.533 -46.794 -45.297 0.600
dcp  -0.133 -49.594 -46.697 0.600
dcp  -0.133 -49.794 -46.497 0.600
dcp  -0.333 -50.194 -46.497 0.200
dcp  -0.333 -51.394 -48.297 0.200
dcp  -0.133 -51.594 -48.297 0.600
dcp  -0.933 -53.594 -48.297 0.600
dcp  -0.933 -53.594 -48.297 0.200
dcp  -1.533 -54.994 -48.897 0.200
dcp  -1.533 -54.994 -49.697 0.200
dcp  -1.933 -56.394 -49.897 0.200
dcp  -1.933 -56.394 -49.897 0.600
dcp  -2.333 -58.794 -49.897 0.600
dcp  -2.333 -59.994 -50.097 0.600
dcp  -2.333 -59.994 -49.897 0.600
dcp  -2.733 -60.594 -49.097 0.200
dcp  -2.333 -61.794 -49.097 0.200
dcp  -2.333 -62.194 -49.097 0.600
dcp  -3.333 -63.194 -49.097 0.600
dcp  -3.333 -63.594 -49.097 0.200
dcp  -3.533 -64.794 -49.097 0.200
dcp  -3.333 -65.194 -49.097 0.200
dcp  -3.533 -65.994 -49.097 0.200
dcp  -3.533 -66.394 -49.297 0.200
dcp  -3.533 -66.794 -49.297 0.600
dcp  -3.333 -68.194 -49.097 0.600
dcp  -3.533 -69.394 -49.297 0.600
dcp  -3.733 -70.394 -49.297 0.600
dcp  -3.933 -70.994 -47.697 0.200
dcp  -3.733 -71.794 -47.697 0.200
dcp  -3.333 -73.594 -48.697 0.200
dcp  -3.133 -74.194 -48.697 0.200
dcp  -3.333 -75.794 -48.897 0.200
dcp  -2.733 -76.394 -48.897 0.200
dcp  -2.733 -76.794 -48.697 0.200
dcp  -2.333 -77.594 -49.497 0.200
dcp  -2.533 -78.194 -49.897 0.200
dcp  -2.133 -78.994 -48.297 0.200
dcp  -2.133 -78.994 -48.297 0.600
dcp  -1.533 -79.994 -48.297 0.600
dcp  -1.133 -81.394 -48.297 0.600
dcp  -1.533 -81.994 -48.297 0.200
dcp  -1.333 -82.794 -48.297 0.200
dcp  -1.333 -82.594 -48.297 0.600
dcp  -1.133 -83.994 -48.297 0.600
dcp  -0.933 -85.394 -48.697 0.200
dcp  -1.133 -86.394 -48.697 0.200
dcp  -0.933 -87.794 -48.697 0.200
dcp  -1.333 -88.594 -48.697 0.200
dcp  -1.133 -88.994 -48.497 0.200
dcp  -1.133 -89.394 -48.897 0.200
dcp  -1.333 -89.794 -48.697 0.600
dcp  -1.733 -90.994 -48.897 0.600
dcp  -2.333 -90.994 -48.697 0.600
dcp  -2.933 -91.394 -50.697 0.200
dcp  -3.933 -92.194 -49.697 0.200
dcp  -4.133 -92.594 -49.697 0.200
dcp  -4.133 -92.594 -49.697 0.600
dcp  -5.333 -93.194 -49.697 0.600
dcp  -5.333 -93.194 -49.697 0.200
dcp  -7.333 -94.594 -49.697 0.200
dcp  -7.333 -94.594 -49.697 0.600
dcp  -8.933 -94.994 -49.897 0.600
ne   -9.333 -94.994 -49.697 0.600
mto  4.667 -7.394 10.903 0.200
dcp  4.667 -7.394 10.903 0.200
dcp  5.067 -7.794 11.103 1.000
dcp  4.067 -6.594 15.503 1.000
dcp  4.067 -6.594 20.503 1.000
bp   4.067 -6.994 20.703 1.000
dcp  4.067 -8.194 19.703 0.200
dcp  4.267 -9.594 19.703 0.200
dcp  4.267 -9.594 19.703 0.600
dcp  4.667 -10.394 19.903 0.600
dcp  4.267 -11.794 19.303 0.600
dcp  4.667 -12.194 19.303 0.600
dcp  4.667 -12.594 18.703 0.200
dcp  5.067 -12.994 18.503 0.200
dcp  5.067 -13.394 18.503 0.600
dcp  5.067 -15.194 18.503 0.600
dcp  4.667 -16.394 17.503 0.600
dcp  5.067 -18.194 18.103 0.200
dcp  5.067 -18.594 18.703 0.200
dcp  4.667 -20.394 18.903 0.200
dcp  4.267 -21.194 19.103 0.200
dcp  4.667 -21.594 19.303 0.600
dcp  4.667 -22.994 19.503 0.600
dcp  4.667 -24.594 17.503 0.600
dcp  4.667 -25.594 17.303 0.200
dcp  5.267 -26.794 17.303 0.200
bp   5.267 -26.794 17.303 0.200
dcp  6.067 -29.394 17.903 0.200
dcp  6.667 -31.594 18.103 0.200
dcp  7.067 -32.594 15.903 0.600
dcp  7.867 -34.194 15.503 0.600
dcp  8.467 -35.194 14.103 0.600
dcp  8.867 -35.994 12.503 0.200
dcp  9.067 -37.794 11.503 0.200
dcp  9.667 -39.394 11.503 0.200
dcp  10.067 -40.394 10.703 0.200
dcp  11.067 -41.194 10.503 0.200
dcp  11.467 -41.194 8.703 0.200
dcp  11.667 -41.594 9.103 0.200
dcp  12.267 -41.994 8.703 0.600
dcp  13.667 -42.794 8.703 0.600
dcp  14.667 -42.794 8.103 0.600
dcp  15.667 -43.394 7.903 0.600
dcp  16.667 -43.794 7.703 0.200
dcp  17.867 -44.594 7.103 0.200
dcp  19.267 -45.394 6.303 0.200
dcp  20.267 -45.994 5.303 0.600
dcp  21.067 -46.794 5.303 0.600
dcp  21.467 -47.594 0.903 0.200
dcp  22.467 -48.394 -0.297 0.200
dcp  22.867 -49.794 -1.697 0.200
dcp  23.067 -50.194 -3.897 0.200
dcp  23.467 -50.594 -4.497 0.600
dcp  23.067 -51.994 -4.497 0.600
dcp  25.067 -52.394 -11.297 0.200
dcp  25.467 -52.394 -12.497 0.200
dcp  26.667 -53.194 -13.497 0.600
dcp  27.667 -53.994 -13.897 0.600
dcp  28.067 -54.994 -15.097 0.200
dcp  29.267 -56.594 -15.297 0.200
dcp  29.667 -57.594 -15.497 0.200
dcp  29.867 -57.994 -15.697 0.200
dcp  29.867 -58.394 -15.697 0.200
dcp  30.267 -59.194 -15.897 0.600
dcp  31.267 -60.194 -15.897 0.600
dcp  31.467 -60.994 -16.097 0.600
dcp  31.867 -61.794 -17.897 0.200
dcp  31.867 -62.794 -18.097 0.200
dcp  32.267 -63.594 -18.097 0.200
dcp  32.467 -64.394 -18.297 0.600
dcp  33.267 -64.794 -18.497 0.600
dcp  33.267 -65.394 -20.897 0.200
dcp  33.867 -66.594 -20.897 0.200
dcp  33.867 -66.594 -21.097 0.600
dcp  35.067 -67.394 -21.697 0.600
dcp  35.467 -68.394 -23.497 0.200
dcp  36.067 -69.594 -24.297 0.200
dcp  35.867 -69.994 -24.897 0.200
dcp  36.467 -70.994 -25.097 0.600
dcp  36.867 -72.194 -25.097 0.600
dcp  36.867 -72.594 -25.697 0.200
dcp  36.467 -74.394 -26.497 0.200
dcp  36.467 -75.594 -26.697 0.200
dcp  36.467 -75.994 -26.697 0.200
dcp  36.067 -76.594 -26.897 0.600
dcp  36.867 -77.794 -26.697 0.600
dcp  36.467 -78.594 -27.097 0.600
dcp  36.067 -78.994 -29.897 0.200
dcp  35.467 -80.794 -31.097 0.200
dcp  35.467 -81.594 -31.697 0.200
dcp  35.067 -82.994 -32.697 0.600
dcp  35.067 -84.194 -32.697 0.600
ne   35.067 -85.194 -32.497 0.200
dcp  5.267 -26.794 17.303 0.200
dcp  6.667 -26.794 19.903 0.200
dcp  7.667 -27.594 21.103 0.200
dcp  8.267 -27.994 18.103 0.200
dcp  8.867 -28.994 18.703 0.200
dcp  9.467 -29.794 19.303 0.200
dcp  10.467 -30.594 19.303 0.200
dcp  10.867 -30.194 18.703 0.600
dcp  11.867 -30.594 16.903 0.600
dcp  12.867 -30.994 18.103 0.600
dcp  13.467 -31.594 18.703 0.200
dcp  14.467 -31.994 18.903 0.200
dcp  15.667 -31.994 18.903 0.600
dcp  16.667 -32.794 19.103 0.600
dcp  17.667 -32.794 19.103 0.600
dcp  18.267 -33.194 19.303 0.200
dcp  18.667 -33.194 20.103 0.200
dcp  19.667 -33.194 20.303 0.200
dcp  19.867 -33.594 20.503 0.600
dcp  21.267 -34.194 20.503 0.600
dcp  21.867 -34.594 21.703 0.200
dcp  22.867 -34.594 22.103 0.200
dcp  23.467 -34.994 22.903 0.200
dcp  24.467 -34.994 22.703 1.400
dcp  25.067 -34.994 23.703 1.400
bp   25.067 -34.994 23.903 1.400
dcp  27.067 -33.594 20.503 0.200
dcp  27.667 -33.194 19.503 0.200
dcp  28.067 -32.794 19.703 0.600
dcp  29.467 -32.794 19.703 0.600
dcp  30.067 -32.794 20.703 0.200
dcp  31.267 -32.394 18.303 0.200
dcp  32.067 -31.994 18.103 0.600
dcp  32.867 -31.994 17.703 0.600
dcp  33.267 -32.394 16.303 0.200
dcp  33.867 -32.394 15.503 0.200
dcp  34.867 -32.794 14.903 0.200
dcp  35.667 -33.194 14.503 0.200
dcp  35.667 -33.194 14.503 0.200
dcp  36.267 -33.594 14.703 0.600
dcp  37.467 -34.194 14.303 0.600
dcp  37.867 -34.594 14.103 0.200
dcp  39.067 -35.394 14.303 0.200
dcp  40.067 -35.794 14.303 0.200
dcp  40.867 -36.194 14.303 0.200
dcp  40.867 -36.194 14.303 0.200
dcp  41.467 -36.194 14.303 0.200
dcp  41.467 -36.594 14.303 0.600
dcp  42.067 -37.194 14.303 0.600
dcp  43.467 -37.594 14.303 0.600
dcp  43.667 -37.994 14.503 0.200
dcp  44.667 -38.394 16.103 0.200
dcp  45.267 -38.394 15.903 0.200
dcp  45.267 -38.394 16.103 0.600
dcp  46.867 -38.394 16.103 0.600
dcp  47.667 -37.994 16.103 0.200
dcp  48.667 -37.194 16.103 0.200
dcp  48.867 -36.594 16.103 0.200
dcp  48.867 -36.594 15.903 0.600
dcp  51.267 -35.394 15.903 0.600
dcp  50.467 -35.394 17.903 0.200
dcp  51.267 -34.994 18.703 0.200
dcp  51.467 -34.594 18.903 0.600
dcp  52.267 -34.194 18.903 0.600
ne   52.267 -34.194 19.503 0.600
dcp  25.067 -34.994 23.903 1.400
dcp  25.867 -35.794 19.303 0.200
dcp  26.467 -36.594 19.903 0.200
dcp  27.067 -37.994 20.103 0.200
dcp  27.467 -38.394 20.103 0.200
dcp  27.667 -38.794 19.903 0.200
dcp  27.667 -39.194 19.903 0.200
dcp  27.667 -39.194 20.303 0.600
dcp  28.067 -40.594 20.103 0.600
dcp  27.667 -41.794 21.103 0.200
dcp  27.467 -42.194 20.303 0.200
ne   27.467 -42.194 20.303 0.200
dcp  4.067 -6.994 20.703 1.000
dcp  4.267 -5.794 20.503 0.600
dcp  5.267 -4.394 24.103 0.600
dcp  4.467 -3.594 26.503 0.600
bp   4.867 -3.594 26.503 0.600
dcp  5.467 -2.394 27.703 0.600
bp   5.667 -1.394 29.703 0.600
dcp  6.067 -0.194 29.703 0.600
dcp  6.867 1.606 30.103 0.600
dcp  7.067 2.806 29.903 0.600
dcp  8.467 4.206 29.703 0.600
dcp  8.667 5.006 29.903 0.600
dcp  9.667 6.806 29.903 0.600
dcp  9.467 8.006 32.703 0.600
dcp  9.467 8.806 31.503 1.400
dcp  9.667 10.206 34.903 1.400
dcp  9.667 10.606 36.103 0.200
dcp  9.067 11.006 37.503 0.200
dcp  9.667 11.006 37.503 0.200
dcp  9.667 10.006 35.503 0.200
dcp  9.667 10.006 35.503 0.200
dcp  10.067 10.406 35.703 0.600
dcp  10.067 11.206 36.903 0.600
dcp  9.867 12.206 39.503 0.600
dcp  9.867 12.206 40.303 0.200
dcp  10.067 12.606 40.303 0.200
dcp  10.267 13.206 40.303 0.600
dcp  10.267 14.406 42.503 0.600
dcp  9.667 15.206 43.103 0.200
dcp  10.067 15.806 43.103 0.200
dcp  10.067 16.206 43.103 0.200
dcp  10.067 16.606 43.303 1.400
dcp  9.667 18.006 45.303 1.400
dcp  9.867 18.406 46.503 1.400
dcp  9.867 19.206 48.303 0.200
dcp  9.867 19.606 49.103 0.200
dcp  9.667 20.006 49.303 0.600
dcp  10.667 21.206 50.303 1.400
dcp  10.467 22.406 51.503 1.400
bp   11.267 22.606 52.303 1.400
dcp  11.067 24.006 52.903 0.200
dcp  11.067 24.206 52.903 0.200
dcp  11.267 24.806 52.903 0.600
dcp  11.667 25.206 54.303 0.600
bp   11.467 25.606 53.103 0.600
dcp  10.667 26.406 53.703 0.600
dcp  10.667 27.406 54.903 0.200
dcp  10.067 28.406 55.903 0.200
dcp  10.067 29.406 56.503 0.200
dcp  9.867 29.806 56.503 0.200
dcp  10.267 30.406 57.103 0.600
dcp  9.267 31.006 57.703 0.600
dcp  9.067 31.406 59.503 0.200
dcp  8.267 32.006 59.303 0.200
dcp  8.667 32.006 60.103 0.600
dcp  7.067 32.206 61.103 0.600
dcp  6.467 32.606 62.703 0.200
dcp  5.467 33.206 63.303 0.200
dcp  4.667 34.606 63.503 0.200
dcp  4.467 35.006 63.503 0.200
dcp  4.067 35.806 65.503 0.200
dcp  3.667 35.406 67.103 0.200
dcp  4.067 35.806 67.103 0.600
dcp  4.467 36.206 67.303 0.600
dcp  5.467 37.406 68.103 0.600
dcp  5.867 37.406 71.103 0.200
dcp  6.667 38.406 71.103 0.200
dcp  6.667 38.806 72.103 0.600
dcp  7.267 39.406 73.903 0.600
dcp  7.667 39.806 75.703 0.600
ne   7.667 40.206 75.703 0.600
dcp  11.467 25.606 53.103 0.600
dcp  12.067 25.606 55.903 0.200
dcp  12.067 26.006 56.303 0.200
dcp  11.867 27.006 56.503 0.200
dcp  12.267 27.606 56.503 0.600
dcp  12.667 28.806 57.903 0.600
dcp  13.067 29.806 57.903 1.400
dcp  12.867 31.406 57.903 1.400
dcp  12.867 32.406 59.103 0.200
dcp  13.067 33.606 59.103 0.200
dcp  13.467 34.606 59.103 0.200
dcp  13.467 35.006 59.103 0.600
dcp  13.267 35.806 59.103 0.600
dcp  13.067 36.606 59.103 0.600
dcp  13.267 37.206 60.503 0.200
dcp  14.267 38.206 60.503 0.200
dcp  14.467 38.606 60.303 0.600
dcp  15.067 39.006 60.503 0.600
dcp  15.467 39.406 60.503 0.200
dcp  15.267 40.406 60.503 0.200
dcp  15.267 40.806 60.503 0.600
dcp  15.267 42.406 60.503 0.600
dcp  15.467 44.406 60.703 0.200
dcp  15.867 44.806 60.703 0.200
dcp  15.667 45.206 60.703 0.600
dcp  15.267 45.806 60.703 0.600
dcp  15.267 45.806 60.703 0.200
dcp  15.467 46.606 60.703 0.200
dcp  15.467 47.406 60.703 0.600
dcp  15.267 48.806 60.703 0.600
dcp  14.667 49.806 60.703 0.200
dcp  14.667 50.606 59.703 0.200
dcp  14.467 52.006 59.703 0.200
dcp  14.467 52.406 59.503 0.200
dcp  14.667 53.606 59.503 0.600
dcp  13.667 55.406 59.703 0.600
dcp  13.667 56.206 61.303 0.200
dcp  13.267 58.006 61.103 0.200
dcp  13.267 58.406 61.103 0.600
dcp  13.067 60.206 62.703 0.600
dcp  12.267 61.206 61.903 0.200
dcp  12.667 62.806 61.703 0.200
dcp  12.067 63.806 61.703 0.200
dcp  11.867 64.206 60.103 0.200
dcp  11.267 65.206 60.103 0.200
dcp  10.667 66.006 60.303 0.600
dcp  11.067 66.806 57.703 0.600
dcp  11.267 67.806 57.103 0.600
dcp  10.867 68.806 57.303 0.600
dcp  10.667 70.006 54.303 0.600
dcp  10.667 70.006 51.703 1.000
dcp  11.267 69.206 51.103 0.600
dcp  12.867 69.006 49.503 0.600
dcp  12.267 69.206 46.503 0.200
dcp  12.867 69.406 45.303 0.200
dcp  13.267 69.806 45.303 0.600
dcp  13.667 69.806 45.503 0.600
dcp  14.267 70.806 42.703 0.200
dcp  15.067 71.406 42.103 0.200
dcp  15.667 71.006 41.303 0.200
dcp  15.667 71.006 38.503 0.200
dcp  15.667 71.006 37.903 0.600
dcp  16.667 71.006 37.903 0.600
join 17.067 71.006 35.503 0.600
dcp  15.667 71.006 34.103 0.200
dcp  16.267 71.006 34.503 0.600
dcp  17.267 71.406 31.903 0.600
dcp  18.267 72.406 31.303 0.200
dcp  18.667 72.806 31.303 0.200
dcp  18.867 73.206 31.303 0.600
dcp  19.667 73.606 31.303 0.600
dcp  19.667 74.406 28.503 0.200
dcp  19.667 75.806 26.903 0.200
dcp  20.667 75.806 26.903 0.200
dcp  20.667 76.206 26.903 0.600
dcp  20.867 77.006 26.703 0.600
dcp  21.667 78.006 25.303 0.200
dcp  22.267 78.806 25.103 0.200
dcp  22.267 79.606 25.103 0.600
dcp  22.867 80.006 25.103 0.600
dcp  23.267 81.406 23.703 0.200
dcp  24.267 82.606 23.703 0.200
dcp  25.067 83.006 23.503 0.200
dcp  25.467 83.606 23.303 0.600
dcp  26.467 83.606 23.303 0.600
dcp  26.867 83.606 21.303 0.200
dcp  28.067 83.006 20.503 0.200
dcp  28.667 83.006 20.103 0.600
dcp  29.467 82.606 20.103 0.600
dcp  29.467 82.606 20.703 0.200
dcp  30.067 82.206 19.103 0.200
dcp  30.067 82.206 18.303 0.200
dcp  30.267 82.206 18.503 0.600
dcp  32.067 81.806 17.903 0.600
dcp  32.267 81.406 17.303 0.200
dcp  32.867 81.006 16.703 0.200
dcp  33.867 80.406 16.303 0.200
dcp  34.667 80.406 15.503 0.200
dcp  35.267 81.006 15.303 0.600
dcp  35.867 81.006 15.303 0.600
ne   36.467 81.006 14.703 0.600
dcp  11.267 22.606 52.303 1.400
dcp  10.867 22.006 52.503 0.200
dcp  11.867 22.606 54.303 0.200
dcp  12.067 22.206 54.503 0.200
dcp  12.067 22.606 56.303 0.600
dcp  13.067 23.206 56.103 0.600
dcp  13.867 23.806 57.103 0.600
dcp  14.267 23.806 58.103 0.200
dcp  14.867 23.806 58.903 0.200
dcp  14.467 23.806 59.303 0.600
dcp  15.067 23.206 61.303 0.600
dcp  15.067 22.806 63.103 0.600
dcp  15.067 22.806 64.103 0.200
dcp  15.467 22.406 64.703 0.200
dcp  15.667 22.006 64.703 0.200
dcp  15.867 21.406 66.303 0.600
dcp  16.267 21.206 67.103 0.600
dcp  16.667 20.806 68.703 0.200
dcp  16.867 20.806 69.303 0.200
dcp  16.267 20.806 70.903 0.600
dcp  17.067 20.206 71.503 0.600
dcp  17.667 19.806 72.103 0.600
dcp  17.067 19.406 75.703 0.200
dcp  17.467 19.406 77.103 0.200
dcp  17.467 19.806 77.303 0.600
dcp  16.467 19.806 77.303 0.600
dcp  17.067 18.806 78.703 0.200
dcp  17.067 18.406 80.503 0.200
dcp  17.867 18.606 80.303 0.600
dcp  17.867 17.406 80.503 0.600
dcp  17.267 17.406 88.103 0.200
dcp  16.867 17.406 90.503 0.200
dcp  16.667 17.806 91.503 0.200
dcp  16.667 17.806 91.703 0.600
dcp  16.067 18.606 91.503 0.600
dcp  17.267 18.006 95.103 0.200
dcp  18.067 17.206 96.503 0.200
dcp  18.867 16.406 96.703 0.200
dcp  19.067 15.606 97.903 0.600
ne   20.067 15.406 97.903 0.600
dcp  5.667 -1.394 29.703 0.600
dcp  5.267 -1.194 29.703 -0.200
dcp  4.467 -0.794 35.703 0.600
dcp  4.467 -0.794 35.703 0.600
dcp  3.667 0.206 35.503 0.600
dcp  3.667 0.206 35.703 0.600
dcp  3.667 0.206 37.903 0.200
dcp  3.667 0.606 37.903 0.200
dcp  3.267 0.606 37.903 0.600
dcp  2.267 1.206 37.903 0.600
dcp  1.867 1.606 41.303 0.200
dcp  1.467 2.006 43.503 0.200
dcp  0.667 3.406 43.503 0.200
dcp  0.667 3.406 43.503 0.600
dcp  -0.533 4.406 43.503 0.600
dcp  -0.133 4.806 45.503 0.200
dcp  -0.733 4.806 46.703 0.200
dcp  -0.533 5.406 46.703 0.600
dcp  -1.533 5.806 48.503 0.600
dcp  -1.133 5.406 48.503 0.200
dcp  -2.333 6.406 48.703 0.200
dcp  -2.333 6.806 48.903 0.600
dcp  -3.733 7.606 50.903 0.600
dcp  -4.133 8.606 51.703 0.200
dcp  -5.733 9.606 52.903 0.200
dcp  -5.733 9.606 52.903 0.600
dcp  -6.333 10.406 53.703 0.600
dcp  -6.533 11.006 56.303 0.200
dcp  -6.733 11.406 56.503 0.200
dcp  -6.733 11.406 56.503 0.600
dcp  -6.733 12.006 56.703 0.600
dcp  -7.133 12.006 57.503 0.200
dcp  -7.733 13.406 58.503 0.200
dcp  -7.933 13.806 58.903 0.600
dcp  -9.533 14.806 60.103 0.600
dcp  -9.533 15.206 62.103 0.200
dcp  -10.333 16.206 62.703 0.200
dcp  -9.733 16.606 62.703 0.600
dcp  -11.133 17.406 63.103 0.600
dcp  -11.933 17.606 66.303 0.200
dcp  -11.733 19.206 66.903 0.200
dcp  -12.133 19.406 66.703 0.200
dcp  -11.733 20.006 67.703 0.600
dcp  -12.333 21.606 67.903 0.600
dcp  -12.733 22.406 69.503 0.200
dcp  -12.533 23.406 69.503 0.200
dcp  -12.733 23.806 69.303 0.600
dcp  -12.933 25.006 70.503 0.600
dcp  -13.133 26.006 72.703 0.200
dcp  -13.333 27.406 74.103 0.200
dcp  -14.133 28.006 74.303 0.200
dcp  -14.533 29.406 74.503 0.200
dcp  -14.333 29.406 74.703 0.600
dcp  -14.733 30.606 74.703 0.600
ne   -14.533 31.006 74.703 0.200
dcp  4.867 -3.594 26.503 0.600
dcp  5.267 -3.994 28.503 0.200
dcp  4.867 -4.994 28.503 0.200
dcp  5.267 -6.194 27.703 0.600
dcp  4.867 -6.994 27.703 0.600
dcp  5.267 -8.394 27.903 0.600
dcp  5.267 -9.194 27.903 0.600
bp   5.467 -9.194 29.703 0.600
dcp  5.867 -9.594 29.103 0.600
dcp  6.467 -10.594 28.903 0.600
dcp  7.067 -11.394 30.103 0.600
dcp  8.067 -11.794 30.103 0.600
dcp  9.067 -11.794 30.103 0.600
dcp  9.667 -11.794 31.303 0.200
dcp  10.467 -12.194 31.103 0.200
bp   10.467 -12.194 31.103 0.200
dcp  11.267 -11.394 31.903 0.200
dcp  12.067 -10.594 31.703 0.200
dcp  12.667 -9.994 31.503 0.600
dcp  13.667 -9.194 31.703 0.600
dcp  14.267 -7.994 29.703 0.200
dcp  14.867 -6.594 29.903 0.200
dcp  14.867 -6.194 31.903 0.600
dcp  15.267 -4.394 32.103 0.600
dcp  15.267 -3.994 31.103 0.200
dcp  15.867 -3.194 30.703 0.200
dcp  16.267 -2.794 30.903 0.600
dcp  16.267 -0.994 30.503 0.600
dcp  16.467 0.606 31.703 0.600
dcp  16.267 0.606 31.903 0.600
dcp  16.267 0.606 31.903 0.600
dcp  17.467 0.206 31.703 0.200
dcp  17.467 0.206 30.903 0.200
dcp  18.467 0.606 31.503 0.200
dcp  19.267 0.606 31.903 0.600
dcp  20.067 0.206 31.903 0.600
dcp  21.067 -0.194 31.903 0.600
dcp  22.067 0.206 31.103 0.200
dcp  23.067 0.606 30.703 0.200
dcp  24.467 1.206 30.703 0.200
dcp  26.067 1.206 30.703 0.200
dcp  25.667 1.606 31.503 0.600
dcp  26.067 2.406 31.503 0.600
dcp  26.267 2.406 31.303 0.600
dcp  26.067 2.806 30.903 0.200
dcp  26.267 3.606 32.503 0.200
dcp  26.667 4.206 32.703 0.600
dcp  27.267 4.606 32.703 0.600
dcp  27.667 4.606 32.703 0.200
dcp  28.267 5.406 32.703 0.200
dcp  28.267 5.406 32.703 0.200
dcp  28.267 5.406 32.703 0.200
dcp  28.267 5.406 32.903 0.200
dcp  28.667 5.806 32.903 0.600
dcp  28.267 7.206 32.903 0.600
dcp  28.867 8.406 31.303 0.200
dcp  28.867 9.806 31.103 0.200
dcp  28.867 10.206 30.903 0.600
dcp  29.267 11.406 30.903 0.600
dcp  29.267 12.806 29.303 0.200
dcp  29.267 14.406 28.903 0.200
dcp  29.267 15.806 29.103 0.200
dcp  29.267 15.806 29.503 0.200
dcp  29.267 16.206 29.103 0.600
dcp  29.867 17.006 28.903 0.600
dcp  29.867 18.006 30.303 0.600
dcp  29.867 18.806 30.303 0.200
dcp  30.867 19.606 30.303 0.200
dcp  32.267 20.606 30.303 0.200
dcp  32.267 20.606 30.303 0.200
dcp  32.467 21.006 28.903 0.600
dcp  33.267 21.406 30.703 0.600
dcp  33.467 21.406 30.703 0.200
dcp  34.467 22.206 30.503 0.200
dcp  34.867 22.206 30.303 0.200
dcp  34.867 22.606 28.903 0.600
dcp  35.867 23.006 31.103 0.600
dcp  36.067 23.006 31.303 0.200
dcp  37.067 24.006 31.303 0.200
dcp  37.067 24.006 31.503 0.200
dcp  36.667 24.006 31.103 0.600
dcp  38.467 24.406 32.703 0.600
ne   39.267 24.406 31.103 0.600
dcp  10.467 -12.194 31.103 0.200
dcp  10.667 -13.194 33.103 0.600
dcp  12.067 -13.994 33.303 0.600
dcp  12.067 -13.994 33.303 0.200
dcp  13.067 -14.394 33.303 0.200
dcp  13.067 -14.794 35.303 0.600
dcp  14.267 -15.594 35.503 0.600
join 14.667 -15.594 36.903 0.600
dcp  14.667 -18.394 37.503 0.600
dcp  15.267 -18.394 35.303 0.200
dcp  15.267 -19.194 38.503 0.200
dcp  15.867 -19.394 38.303 0.600
dcp  16.867 -20.794 39.303 0.600
dcp  17.067 -21.594 40.103 0.600
dcp  17.267 -21.794 40.903 0.200
dcp  17.467 -22.794 41.303 0.200
dcp  18.267 -23.194 41.503 0.600
dcp  18.667 -24.794 41.503 0.600
dcp  19.667 -26.394 41.703 0.600
dcp  20.267 -26.794 43.303 0.200
dcp  20.467 -27.594 43.503 0.200
dcp  20.667 -27.994 43.303 0.600
dcp  21.267 -29.194 44.503 0.600
dcp  21.267 -29.994 45.103 0.200
dcp  21.867 -31.794 45.103 0.200
dcp  21.867 -32.194 45.103 0.600
dcp  22.267 -32.794 45.503 0.600
dcp  22.067 -33.394 46.903 0.200
dcp  22.267 -34.194 48.303 0.200
dcp  21.867 -34.794 48.503 0.600
dcp  21.067 -35.594 48.503 0.600
dcp  21.067 -35.994 49.903 0.200
dcp  21.067 -36.594 51.103 0.200
dcp  21.067 -36.994 51.103 0.600
dcp  21.267 -37.394 51.103 1.400
dcp  21.067 -38.594 51.703 1.400
dcp  21.267 -39.594 52.703 0.200
dcp  21.467 -40.394 53.703 0.200
dcp  20.667 -41.594 54.703 0.200
dcp  20.867 -42.194 54.903 0.200
dcp  20.867 -42.194 54.903 0.200
dcp  20.667 -42.994 54.903 0.600
dcp  21.467 -44.794 54.903 0.600
dcp  21.467 -44.994 56.103 0.200
dcp  22.067 -46.194 56.103 0.200
dcp  22.267 -46.994 57.103 0.200
dcp  22.467 -47.594 57.303 0.200
dcp  22.667 -48.394 57.503 0.600
dcp  22.867 -50.594 58.503 0.600
dcp  22.867 -50.994 59.303 0.200
dcp  23.067 -51.594 60.503 0.200
dcp  23.067 -51.594 60.503 0.600
dcp  23.667 -52.394 60.503 0.600
dcp  23.267 -53.394 61.503 0.200
dcp  23.667 -53.794 61.903 0.200
dcp  23.667 -54.594 62.503 0.600
dcp  24.067 -55.994 64.303 0.600
dcp  23.867 -56.394 65.503 0.200
dcp  24.067 -56.594 66.503 0.200
dcp  24.267 -57.394 66.503 0.600
dcp  24.867 -58.794 66.503 0.600
dcp  24.867 -58.794 68.303 0.200
dcp  24.667 -59.594 68.703 0.200
dcp  25.067 -60.394 68.903 0.200
dcp  24.667 -60.994 69.103 0.200
dcp  24.867 -62.194 69.103 0.600
dcp  24.867 -63.994 69.103 0.600
dcp  24.867 -64.394 70.303 0.200
dcp  24.667 -65.194 70.703 0.200
dcp  24.667 -65.594 71.303 0.600
dcp  24.667 -67.394 71.703 0.600
dcp  25.067 -68.194 73.503 0.200
dcp  25.067 -69.194 73.303 0.200
dcp  25.067 -69.594 73.903 0.200
dcp  25.067 -69.594 74.103 0.200
dcp  24.667 -70.994 76.903 0.200
dcp  24.467 -71.394 76.903 0.200
dcp  24.467 -71.394 77.103 0.600
dcp  24.067 -72.194 77.303 0.600
dcp  24.267 -73.194 79.303 0.200
dcp  23.867 -73.994 79.703 0.200
dcp  23.867 -73.994 80.903 0.600
dcp  24.267 -75.794 81.903 0.600
dcp  24.267 -76.594 82.903 0.200
dcp  24.267 -77.394 83.503 0.200
dcp  24.667 -77.194 83.903 0.600
dcp  24.867 -77.994 84.103 0.600
dcp  24.667 -78.994 84.703 0.200
dcp  24.467 -79.594 84.903 0.200
dcp  24.667 -80.594 85.503 0.200
dcp  24.067 -81.394 85.503 0.600
dcp  24.467 -82.594 85.703 0.600
ne   24.267 -82.594 86.503 0.200
dcp  5.467 -9.194 29.703 0.600
dcp  5.067 -9.394 29.703 -0.200
dcp  1.867 -9.794 34.903 0.200
dcp  1.867 -9.794 34.903 0.200
dcp  1.867 -9.394 34.903 0.600
dcp  1.067 -8.594 34.903 0.600
dcp  1.467 -7.994 38.103 0.200
dcp  0.267 -6.794 38.703 0.200
bp   0.267 -6.794 39.103 0.200
dcp  0.867 -6.394 39.103 0.600
dcp  -0.333 -5.194 39.103 0.600
dcp  -0.533 -4.394 39.103 0.200
dcp  -1.533 -3.194 39.103 0.200
dcp  -1.933 -2.394 39.103 0.200
dcp  -2.333 -1.594 38.903 0.200
dcp  -2.733 -1.194 39.303 0.600
dcp  -3.533 0.006 39.103 0.600
dcp  -4.333 0.806 39.103 0.200
dcp  -4.933 1.606 39.103 0.200
dcp  -5.333 1.806 39.103 0.200
dcp  -5.733 1.806 39.103 0.600
dcp  -6.133 2.406 39.103 0.600
dcp  -6.533 2.806 39.103 0.200
dcp  -6.733 3.206 39.103 0.200
dcp  -6.533 3.206 39.103 0.600
dcp  -7.933 4.806 39.103 0.600
dcp  -7.933 5.206 39.103 0.200
dcp  -8.533 6.006 39.103 0.200
dcp  -9.133 6.206 39.103 0.200
dcp  -9.533 6.206 39.103 0.600
dcp  -10.333 7.006 39.103 0.600
dcp  -10.733 6.806 39.103 0.200
dcp  -11.333 7.806 39.103 0.200
dcp  -11.933 8.206 39.303 0.600
dcp  -13.533 8.406 37.703 0.600
dcp  -14.133 8.606 37.503 0.600
dcp  -15.133 9.006 37.703 0.600
dcp  -16.133 9.406 37.503 0.200
dcp  -17.533 10.006 37.303 0.200
dcp  -17.933 10.406 37.503 0.200
dcp  -18.333 10.806 37.503 0.200
dcp  -18.933 10.606 37.503 0.600
dcp  -20.133 11.406 37.303 0.600
dcp  -20.333 12.006 37.703 0.200
dcp  -21.333 11.806 38.903 0.200
dcp  -21.733 12.206 38.903 0.600
dcp  -22.733 12.406 39.103 0.600
dcp  -23.733 12.006 40.103 0.600
dcp  -24.333 11.806 40.303 0.600
ne   -24.533 12.206 40.103 0.200
dcp  0.267 -6.794 39.103 0.200
dcp  -0.133 -6.794 42.303 1.000
dcp  -0.333 -6.794 43.903 1.000
dcp  -0.133 -6.794 44.903 1.000
dcp  -0.133 -6.394 46.503 0.200
dcp  -0.133 -6.394 48.103 0.200
dcp  -0.733 -5.994 48.703 0.600
dcp  -1.533 -5.194 49.503 0.600
dcp  -1.333 -4.594 52.503 0.200
dcp  -1.733 -3.794 52.903 0.200
dcp  -1.733 -3.794 52.903 0.600
dcp  -3.133 -3.594 53.503 0.600
dcp  -3.133 -3.194 56.903 0.200
dcp  -3.133 -2.594 57.503 0.200
dcp  -2.533 -2.994 57.703 0.600
dcp  -2.933 -1.994 58.903 0.600
dcp  -3.133 -2.394 61.903 0.600
dcp  -3.133 -2.394 63.503 0.200
dcp  -3.133 -3.394 64.903 0.200
dcp  -3.333 -3.394 65.103 0.200
dcp  -3.133 -3.794 65.103 0.600
dcp  -3.933 -4.394 65.903 0.600
dcp  -4.533 -4.394 67.303 0.600
dcp  -4.533 -3.794 72.103 0.200
dcp  -4.333 -2.994 72.503 0.200
dcp  -4.333 -1.994 73.103 0.200
dcp  -3.933 -1.994 73.303 0.600
dcp  -4.133 -0.394 73.903 0.600
dcp  -4.133 0.606 75.703 0.200
dcp  -3.733 1.606 75.703 0.200
dcp  -3.733 2.006 75.703 0.600
dcp  -3.133 2.006 75.703 0.600
dcp  -2.533 3.406 75.703 0.600
dcp  -2.333 4.006 78.303 0.200
dcp  -2.733 4.806 79.103 0.200
dcp  -2.133 5.606 80.503 0.200
dcp  -1.733 6.206 80.903 0.200
dcp  -1.733 6.806 81.103 0.600
dcp  -0.733 8.006 81.103 0.600
dcp  -0.533 8.606 85.303 0.200
dcp  0.467 9.006 85.303 0.200
dcp  0.667 9.606 85.303 0.200
dcp  0.467 10.206 86.903 0.600
dcp  1.067 11.406 87.103 0.600
dcp  0.867 11.406 89.703 0.200
dcp  0.267 13.206 89.703 0.200
dcp  0.067 13.606 90.503 0.600
dcp  0.267 15.406 90.703 0.600
dcp  -0.133 15.806 93.103 0.200
dcp  -0.533 16.606 93.903 0.200
dcp  -1.333 17.206 94.103 0.200
dcp  -1.533 18.206 94.903 0.200
dcp  -1.733 19.406 94.903 0.200
dcp  -1.733 19.806 94.903 0.600
dcp  -1.933 20.806 95.903 0.600
dcp  -2.133 22.006 98.703 0.200
dcp  -2.133 22.406 99.903 0.200
dcp  -2.533 22.806 101.103 0.600
ne   -3.133 22.806 101.103 0.600
