3d
mto          -16         81         -6          2
scp            4         81         -6          2
scp           24         81         -6          2
scp           39         66         -6          2
scp           44         51         -6          2
scp           49         26         -9          2
scp           64          1          1          2
scp           74        -24         11          2
scp           89        -39          4          2
scp           79        -54          4          2
scp           64        -64         -1          2
scp           49        -79          1          2
scp           29        -89         -1          2
scp           19        -79         -1          2
scp            4        -74          4          2
scp          -16        -74          4          2
scp          -36        -64          1          2
scp          -46        -64          1          2
scp          -56        -39          4          2
scp          -61        -24          1          2
scp          -61         -9          1          2
scp          -66         11          1          2
scp          -61         26          1          2
scp          -66         51          4          2
scp          -61         66          4          2
scp          -51         81         -1          2
scp          -31         81         -1          2
mae          -16         81         -1          2
mto           -3         81        -54         15
dcp          -16         96        -76         20
dcp          -13        121        -94          5
dcp          -31        146       -101         10
dcp          -23        161       -109         15
dcp          -28        196       -116         15
bp           -21        231       -166         15
dcp          -26        226       -181         30
dcp          -23        211       -194         15
dcp          -36        191       -206         10
dcp          -41        191       -221         10
dcp          -51        186       -239         10
dcp          -63        191       -259         10
dcp          -63        176       -294         15
dcp          -76        173       -339          5
dcp          -81        168       -361         15
dcp          -71        171       -409          2
bp           -76        171       -434          5
dcp          -76        171       -449          5
dcp          -76        161       -454          5
dcp          -58        166       -474         10
dcp          -43        148       -494         10
dcp          -33        146       -509         10
dcp            2        146       -529          5
dcp           12        138       -556         10
dcp           34        143       -579          5
dcp           37        153       -604         15
dcp           49        148       -619         10
dcp           67        128       -644         10
dcp           97        123       -664         10
dcp          112        116       -689          5
dcp          124        108       -704         10
dcp          134         91       -719         10
dcp          159         78       -751          5
dcp          167         66       -779         10
dcp          184         46       -811         10
dcp          194         33       -831          5
dcp          199          8       -854          5
dcp          212         -9       -884          5
dcp          227        -27       -916         10
dcp          239        -54       -946          5
mae          239        -67       -986          5
dcp          -81        171       -454         10
dcp          -86        161       -474         10
dcp          -83        166       -506          5
dcp          -93        173       -516         10
dcp          -93        168       -549         10
dcp          -91        178       -569          5
dcp          -86        176       -604          5
dcp          -86        176       -621          5
dcp          -76        188       -621          5
dcp          -66        188       -641          2
dcp          -53        181       -669          5
dcp          -51        166       -679         10
dcp          -46        168       -704          8
dcp          -56        151       -731         10
dcp          -68        143       -761         10
dcp          -83        136       -781          5
dcp          -86        123       -794          8
dcp          -96        113       -821          5
dcp         -103        108       -841         10
dcp         -108        103       -874          8
dcp         -118         91       -899         10
dcp         -131         93       -911          5
dcp         -151         86       -926         10
dcp         -183         93       -941         10
dcp         -201        101       -951          5
dcp         -211        113       -976         10
dcp         -226        126       -994          5
dcp         -241        133      -1014         10
dcp         -253        136      -1036         10
dcp         -273        156      -1059         10
dcp         -298        166      -1089          5
mae         -308        168      -1104          5
dcp          -28        231       -176         28
dcp          -38        261       -181          5
dcp          -31        276       -189         10
bp           -46        281       -194         10
dcp          -31        291       -196         10
dcp          -16        306       -194         10
dcp          -11        321       -199          2
dcp           -6        346       -191         10
dcp            4        368       -191         10
dcp           24        396       -191          2
dcp           32        411       -191         15
dcp           37        446       -181         15
dcp           42        466       -174          5
dcp           47        501       -171          5
dcp           69        551       -174         10
dcp           77        571       -166         15
dcp           92        606       -169         15
dcp           97        631       -171         15
dcp          109        658       -171         10
dcp          127        696       -179          5
dcp          132        716       -174         15
dcp          132        741       -179          5
dcp          142        776       -171          5
dcp          139        801       -176         10
dcp          149        831       -174         10
dcp          154        846       -171         10
dcp          169        883       -169         10
dcp          174        906       -161         10
dcp          189        946       -169         10
dcp          194        966       -169          2
dcp          214        991       -171         10
dcp          222       1016       -179         15
dcp          229       1031       -174         10
dcp          234       1071       -169         10
dcp          229       1131       -171         10
dcp          224       1156       -169         10
dcp          224       1186       -179         10
dcp          227       1211       -181          5
dcp          234       1236       -176         10
dcp          237       1251       -184          5
dcp          247       1278       -186          8
dcp          262       1291       -181          5
dcp          277       1303       -191          8
dcp          282       1326       -179         10
dcp          284       1341       -181         10
dcp          297       1356       -171          5
dcp          314       1381       -181         10
dcp          327       1396       -174          5
dcp          337       1406       -179          5
dcp          347       1426       -186          5
mae          347       1461       -186          5
dcp          -53        286       -194         10
dcp          -61        296       -206         10
dcp          -81        321       -219         10
dcp          -91        358       -221         20
dcp         -118        398       -234         15
dcp         -141        431       -246         15
dcp         -151        453       -251         10
dcp         -161        471       -259         15
bp          -173        486       -259         18
dcp         -181        486       -259         10
dcp         -236        506       -269         10
dcp         -263        516       -266          5
dcp         -281        518       -269          5
dcp         -301        511       -274         10
dcp         -333        506       -274          5
dcp         -356        506       -281         10
dcp         -381        503       -279          5
dcp         -401        496       -284         10
dcp         -441        491       -294         10
dcp         -478        486       -289         10
dcp         -506        486       -294         10
dcp         -538        481       -294         15
dcp         -568        476       -296          5
dcp         -588        461       -304         10
dcp         -608        441       -326          5
dcp         -646        431       -341         10
dcp         -658        426       -344          5
dcp         -676        411       -359         10
dcp         -703        386       -359          5
dcp         -726        371       -361         10
dcp         -736        351       -356         15
mae         -761        331       -356          2
dcp         -171        496       -259         15
dcp         -181        516       -261          2
dcp         -186        531       -261         10
dcp         -201        556       -274          2
dcp         -218        586       -274          5
dcp         -228        611       -279         15
dcp         -236        626       -274         10
dcp         -243        646       -274          5
dcp         -246        666       -279         10
dcp         -263        701       -289         15
dcp         -291        728       -289         10
dcp         -301        736       -284         10
dcp         -318        751       -289          5
dcp         -346        771       -281          2
dcp         -366        791       -291         10
dcp         -388        801       -289         10
dcp         -416        808       -301          5
dcp         -441        816       -309         10
dcp         -471        833       -319          5
dcp         -506        841       -326         10
dcp         -533        866       -341         10
dcp         -563        896       -351          5
dcp         -583        926       -354         15
dcp         -621        956       -351         10
dcp         -636        976       -369         10
mae         -653        991       -369          5
mto          -73         56         51         52
dcp          -86         56         61         35
dcp         -101         58         59         28
dcp         -116         63         79         15
dcp         -136         71         91         20
dcp         -153         73         96         25
bp          -156         73        111         28
dcp         -168         71        119         20
dcp         -183         66        126         10
dcp         -208         51        136         10
dcp         -241         36        156         10
bp          -241         36        159         10
dcp         -228         31        191         15
dcp         -218         23        211         15
dcp         -201          6        251          2
dcp         -196          6        254         10
bp          -188         -9        306         10
dcp         -183         -9        316         10
dcp         -183          3        336          5
dcp         -178         18        361          5
dcp         -178         21        384          5
dcp         -178         28        419         10
dcp         -183         38        459         10
dcp         -188         56        479          5
dcp         -188         66        504          5
dcp         -198         83        516          5
dcp         -208         96        539          5
dcp         -213        111        564          5
dcp         -211        126        589          5
dcp         -213        146        609          5
dcp         -211        163        624          5
dcp         -201        186        659          5
dcp         -198        201        681          5
dcp         -198        216        709          5
dcp         -196        248        736         10
dcp         -201        271        776          5
dcp         -211        301        814         10
dcp         -213        298        821          8
dcp         -228        321        841         10
dcp         -243        346        874         10
dcp         -261        366        901         10
dcp         -268        398        929         10
dcp         -276        423        936          5
dcp         -268        448        956         10
dcp         -253        481        981         10
dcp         -251        501        991          2
dcp         -246        526       1004          5
dcp         -226        551       1009          5
dcp         -238        581       1021          5
dcp         -228        616       1039          5
mae         -226        646       1034          5
dcp         -181        -17        311          5
dcp         -176        -42        329         10
dcp         -166        -57        366          5
bp          -158       -117        464          2
dcp         -158       -117        464          2
dcp         -158       -132        461          5
dcp         -138       -154        469          5
dcp         -108       -182        489          5
dcp          -81       -214        509          5
dcp          -71       -259        549          5
dcp          -53       -292        589          5
dcp          -58       -304        616          5
dcp          -76       -309        649          5
dcp          -81       -319        674          5
dcp          -76       -324        694          5
dcp          -56       -337        716         10
dcp          -36       -342        746          5
dcp          -31       -359        784          5
dcp          -43       -382        801          5
dcp          -53       -397        801          5
dcp          -46       -412        804          5
dcp          -28       -449        821          5
dcp          -11       -472        841          5
dcp            9       -502        856          5
dcp           19       -524        876         20
dcp           34       -552        886          2
dcp           34       -562        906         10
dcp           52       -572        926         15
dcp           69       -592        944          5
dcp           72       -607        959         10
dcp           92       -624        981          5
dcp          122       -659       1009          5
dcp          129       -689       1024          5
dcp          149       -704       1044          5
dcp          154       -727       1049          5
dcp          129       -739       1056          5
dcp          119       -769       1059         10
dcp           92       -789       1074          5
dcp           94       -834       1089          5
dcp           84       -857       1116         15
dcp           74       -892       1139         10
mae           99       -909       1154         10
dcp         -158        -97        386          5
dcp         -151       -109        424          5
dcp         -136       -109        476          5
dcp         -123        -87        514         10
dcp         -128        -72        549         10
dcp         -136        -69        636          5
dcp         -138        -74        671         10
dcp         -143        -59        724         10
dcp         -138        -49        746         10
dcp         -121        -47        779         10
dcp         -113        -32        821          5
dcp         -116        -27        834          5
dcp         -118        -24        854         10
dcp         -101        -14        894         10
dcp          -81          8        926         10
dcp          -68         28        959          2
dcp          -41         43        986          5
dcp          -36         73       1009          5
dcp          -26        108       1041         10
dcp          -11        133       1061          5
dcp            9        108       1076          5
dcp           29        116       1131         10
mae           39        116       1129         10
dcp         -251         31        174         20
dcp         -276         23        179         15
dcp         -301         11        189         10
dcp         -313          3        191         15
dcp         -341         -4        194         10
dcp         -361         -9        214         15
dcp         -378         -9        219         15
bp          -386        -12        219         15
dcp         -396        -17        214         10
dcp         -411        -27        214         10
dcp         -438        -42        216         15
dcp         -461        -57        221         10
dcp         -481        -64        214          5
dcp         -498        -67        219          8
dcp         -511        -74        219         15
bp          -538        -79        216         10
dcp         -548        -79        214         10
dcp         -568        -92        219         10
dcp         -596       -109        219         10
dcp         -613       -127        219          5
dcp         -633       -132        216          5
dcp         -656       -142        219         10
dcp         -668       -162        214          5
dcp         -678       -154        194         10
dcp         -706       -172        166          5
dcp         -728       -184        159          5
dcp         -751       -187        151          5
dcp         -783       -224        136          5
dcp         -803       -254        119          5
dcp         -821       -274         94         10
dcp         -831       -299         74         10
dcp         -866       -292         61          5
dcp         -923       -289         34          5
dcp         -973       -274         14          5
dcp        -1013       -254        -26          5
dcp        -1041       -259        -51         10
dcp        -1081       -252        -56          5
dcp        -1113       -249        -66          5
dcp        -1143       -264        -79          5
dcp        -1183       -274        -86          5
dcp        -1218       -279        -86          5
dcp        -1248       -289       -129          5
dcp        -1276       -317       -126          5
dcp        -1313       -359       -151          5
dcp        -1331       -404       -171         10
dcp        -1353       -424       -196          5
dcp        -1373       -449       -199          5
mae        -1403       -499       -224          5
dcp         -541        -74        226         10
dcp         -553        -79        231         10
dcp         -578        -82        231         10
dcp         -618        -92        239         10
dcp         -653        -89        244         10
dcp         -681        -99        249          5
dcp         -713       -107        249         10
dcp         -728       -107        254         10
dcp         -761       -127        254         10
dcp         -778       -144        256         10
dcp         -818       -139        251          5
dcp         -843       -149        264         10
dcp         -881       -159        259          5
dcp         -903       -157        261         10
dcp         -943       -169        264         10
dcp         -961       -179        269          5
dcp         -976       -179        279          5
dcp         -996       -174        269         10
dcp        -1021       -192        271         10
dcp        -1046       -194        276         10
dcp        -1073       -207        281         10
dcp        -1108       -227        281         10
dcp        -1131       -237        294          5
dcp        -1166       -247        286         10
dcp        -1193       -267        311          5
dcp        -1218       -269        306          5
dcp        -1243       -272        314          5
dcp        -1273       -277        331          5
dcp        -1298       -259        354         10
dcp        -1328       -264        384         10
dcp        -1358       -277        391         10
dcp        -1383       -279        401         10
dcp        -1418       -289        421          5
dcp        -1443       -292        436          5
dcp        -1461       -302        441         10
dcp        -1501       -307        461         10
dcp        -1521       -302        476          5
dcp        -1553       -282        479         10
dcp        -1586       -274        499         10
dcp        -1616       -269        506          5
dcp        -1653       -257        521         10
dcp        -1713       -247        531         10
dcp        -1753       -242        544         10
dcp        -1778       -224        559          5
dcp        -1803       -217        586         10
mae        -1863       -212        594         10
dcp         -396         -9        229         10
dcp         -411         -7        234         10
dcp         -448         16        259         10
dcp         -461         36        264         10
dcp         -491         41        274         10
dcp         -513         48        314          5
dcp         -543         51        329         10
dcp         -561         56        339          5
dcp         -571         68        354          5
dcp         -581         73        376          5
dcp         -596         86        399         10
dcp         -611        106        416          5
dcp         -636        108        461         10
dcp         -638         88        484          5
dcp         -631         68        531          5
dcp         -623         66        556          5
dcp         -593         53        561          5
dcp         -568         48        571         10
dcp         -548         51        584         10
dcp         -538         66        596         10
dcp         -513         63        599         10
dcp         -503         63        609          5
dcp         -483         66        611          5
dcp         -458         46        616          5
dcp         -446         31        634         10
dcp         -428          3        646          5
dcp         -418        -17        674          5
dcp         -388        -24        684         10
mae         -378        -14        709          8
dcp         -161         86        106         20
dcp         -171        106        111         10
dcp         -176        126        119         20
dcp         -193        151        119          5
dcp         -201        176        111          2
dcp         -228        206        121         15
dcp         -231        231        126         20
dcp         -241        266        134          2
dcp         -256        291        136         10
dcp         -258        311        146         15
dcp         -266        336        156         10
dcp         -281        356        171         10
dcp         -291        376        171         20
dcp         -301        396        184         10
dcp         -291        411        191         20
dcp         -303        451        206          5
dcp         -288        523        226         10
dcp         -296        558        229         10
dcp         -301        573        236          5
bp          -311        588        244         15
dcp         -316        586        244          5
dcp         -328        601        239          5
dcp         -346        623        236          5
dcp         -368        636        234          5
dcp         -401        673        226          5
dcp         -426        711        229          5
mae         -453        753        229          5
dcp         -303        588        244          5
dcp         -303        598        254          5
dcp         -298        628        271         10
dcp         -298        668        304         10
dcp         -301        688        319         10
bp          -311        708        329         10
dcp         -296        706        339          5
dcp         -281        736        349          5
dcp         -271        783        356         10
dcp         -278        801        356          5
dcp         -281        816        386          5
dcp         -281        876        404          5
dcp         -283        896        419          5
dcp         -266        933        436          5
dcp         -248        966        441          5
dcp         -226        998        449         10
dcp         -171       1023        456          5
dcp         -128       1058        451          5
mae         -106       1086        454          5
dcp         -313        708        341          5
dcp         -326        721        356          5
dcp         -366        768        371          5
dcp         -403        818        386         10
dcp         -463        861        401          5
dcp         -523        883        414          5
dcp         -598        921        471         10
dcp         -651        931        494         10
dcp         -686        956        496          5
dcp         -733        983        521          5
dcp         -786       1011        536          5
dcp         -826       1048        561          5
dcp         -886       1088        591          5
dcp         -913       1123        626          8
dcp         -971       1143        644          5
mae         -986       1143        644          5
mto           97        -19         31         50
dcp          127        -17         46         35
dcp          154        -22         46         25
dcp          184        -39         71         15
bp           194        -47         99         28
dcp          204        -47        104         20
dcp          217        -34        124         25
dcp          224        -27        134         15
dcp          242        -22        154         15
dcp          262         -9        166         25
dcp          247          1        186         10
dcp          244         16        206         20
dcp          267         18        231          5
bp           279         38        259         20
dcp          282         28        259          5
dcp          294         16        279         10
dcp          309          6        284          5
dcp          329         -7        306         10
dcp          384        -17        304         10
dcp          414        -29        319         10
dcp          432        -44        321          5
dcp          462        -64        336         10
dcp          494        -72        351         10
dcp          524        -77        366          5
dcp          562        -89        371         10
dcp          592        -94        376          5
bp           617        -92        384          5
dcp          627        -89        396          5
dcp          644        -92        404          5
dcp          662        -79        411         10
dcp          694        -92        424         10
dcp          714        -89        431         10
dcp          734        -82        439          5
dcp          774        -97        441         10
dcp          807        -99        456          5
dcp          859        -99        469         10
dcp          897       -102        476          8
dcp          929        -94        494         15
dcp          952        -84        494          5
dcp         1002        -79        511          5
dcp         1039        -77        539         10
dcp         1049        -79        531         10
dcp         1084        -77        541         10
dcp         1114        -74        541         10
dcp         1162        -74        541          5
dcp         1204        -59        556          5
dcp         1234        -62        574         10
dcp         1254        -54        596          5
dcp         1324        -32        664          5
dcp         1342        -17        679          5
mae         1367         13        691          5
dcp          612        -99        406          5
dcp          622       -104        434          5
dcp          639       -114        461          5
dcp          644       -127        476          5
dcp          669       -137        516          8
dcp          684       -142        546         10
dcp          717       -144        556          5
dcp          732       -152        596          5
dcp          737       -192        639          5
dcp          714       -212        654          5
dcp          694       -239        676          5
dcp          664       -259        719         10
dcp          664       -269        739          5
dcp          664       -284        749          5
dcp          677       -324        799         10
mae          679       -334        809          5
dcp          279         43        266         18
dcp          282         63        271         10
dcp          287         78        274          5
bp           287         88        284         15
dcp          294         93        291          8
dcp          307        101        289         10
dcp          314        123        294         10
dcp          322        138        314          5
dcp          349        166        329          5
dcp          364        203        331          5
dcp          379        221        344          5
dcp          397        246        354          5
dcp          409        273        366          5
dcp          427        293        379          5
dcp          444        318        391          8
dcp          454        363        401          5
dcp          472        398        424          5
dcp          479        426        431          5
dcp          484        456        464          5
dcp          499        493        476         15
dcp          514        508        486          5
dcp          537        521        504         10
dcp          569        536        509         10
dcp          594        538        536         10
dcp          644        566        551          8
dcp          682        576        571         10
dcp          719        591        594         10
dcp          744        593        591         10
dcp          769        603        596          5
dcp          804        618        614          5
dcp          824        636        649          5
dcp          837        653        659          5
dcp          857        678        674         10
dcp          884        698        696          5
dcp          914        726        714          5
dcp          939        738        739          5
dcp          972        743        749          5
mae          979        746        784          5
dcp          282         88        294          5
dcp          267        116        311          5
dcp          262        133        329          5
dcp          227        151        356          5
dcp          202        156        374         10
dcp          162        173        406          5
dcp          137        186        451          2
dcp           99        186        474         10
dcp           57        191        481          5
dcp           -1        183        506          8
dcp          -28        178        531         10
dcp          -51        191        544          5
dcp          -91        201        561          5
dcp         -113        191        604         10
dcp         -128        188        626         10
dcp         -161        201        659         10
dcp         -181        193        686          5
dcp         -188        188        706         10
dcp         -193        166        724          5
dcp         -203        146        739          5
mae         -213        106        784          5
dcp          199        -62        109         20
dcp          219        -89        111         20
dcp          232       -119        129         18
dcp          267       -154        134         15
bp           267       -172        149         20
dcp          279       -174        154         10
dcp          302       -184        154         10
dcp          354       -199        164         10
dcp          397       -199        174         10
dcp          444       -212        171         15
dcp          479       -212        184         15
dcp          489       -202        204         10
dcp          527       -189        221          5
dcp          549       -194        221         15
dcp          569       -204        241         10
dcp          604       -199        256         10
dcp          634       -207        261         10
dcp          649       -212        261         10
dcp          677       -217        266          5
dcp          712       -229        274         10
dcp          734       -234        271          8
dcp          754       -234        276          5
bp           794       -247        279         10
dcp          809       -239        296         10
dcp          834       -237        299         10
dcp          852       -247        309          5
dcp          869       -247        326          5
dcp          899       -237        336         10
dcp          917       -239        354          5
dcp          929       -249        349         10
dcp          952       -272        351         10
dcp          984       -274        361          5
dcp         1022       -289        379          5
dcp         1062       -294        386          5
dcp         1077       -309        409         10
dcp         1089       -317        401          5
dcp         1112       -317        424          5
dcp         1147       -327        424          5
dcp         1159       -342        426          5
dcp         1169       -329        426         10
dcp         1189       -347        446          5
dcp         1212       -349        459         10
dcp         1259       -362        479         10
dcp         1267       -364        506          5
dcp         1289       -387        529          5
dcp         1307       -397        546         10
dcp         1327       -402        564          5
dcp         1344       -397        571          5
dcp         1362       -379        579          5
dcp         1377       -359        574          5
dcp         1374       -339        566          5
dcp         1367       -319        559          5
dcp         1359       -304        559          5
dcp         1354       -282        554          5
dcp         1357       -262        546         10
dcp         1359       -239        539          5
dcp         1372       -214        529          5
dcp         1384       -197        524          5
mae         1404       -209        529          5
dcp          804       -247        286         10
dcp          819       -252        279          5
dcp          859       -274        286          5
dcp          887       -297        289          5
dcp          917       -304        279         10
dcp          949       -342        286         10
dcp          982       -374        291         10
dcp         1022       -379        304          5
dcp         1032       -404        306         10
dcp         1054       -417        316          5
dcp         1089       -429        321         10
dcp         1114       -447        331          5
dcp         1159       -457        334          5
dcp         1192       -457        359         10
dcp         1234       -459        359          5
dcp         1269       -459        354          5
dcp         1302       -472        339          5
dcp         1344       -487        334          5
dcp         1369       -499        314          5
dcp         1399       -517        311         10
dcp         1434       -534        291          5
dcp         1447       -559        279          5
dcp         1464       -597        269          5
dcp         1459       -612        259         10
dcp         1469       -637        261          5
dcp         1487       -674        266          5
dcp         1507       -712        274          5
dcp         1519       -727        259          5
dcp         1539       -739        256          5
mae         1527       -752        246          5
dcp          269       -179        149         10
dcp          277       -204        146          5
dcp          282       -229        144         15
dcp          307       -274        174         15
dcp          322       -324        179         25
dcp          312       -354        199         10
dcp          322       -379        206          5
dcp          324       -394        219          5
bp           329       -409        214         10
dcp          332       -434        241         10
dcp          332       -449        251         10
bp           334       -474        261         10
dcp          327       -487        286         10
dcp          317       -517        286          5
bp           314       -532        299         10
dcp          307       -542        294         10
dcp          299       -547        306          5
dcp          292       -569        326          5
dcp          292       -584        329          5
dcp          294       -599        349          5
dcp          289       -612        379          5
dcp          274       -629        406         10
dcp          259       -642        431          5
dcp          249       -652        451          5
dcp          224       -667        481         10
dcp          202       -677        499         10
dcp          189       -699        531          5
dcp          187       -739        536          5
dcp          184       -764        569          5
dcp          194       -794        574          5
dcp          194       -809        571          5
dcp          197       -829        581          5
dcp          194       -849        591         10
dcp          177       -877        619          5
dcp          174       -902        649          5
dcp          167       -937        691          5
dcp          147       -959        711         10
dcp          112       -974        731          5
dcp           84       -982        756         10
mae           34      -1007        769          5
dcp          319       -537        299         10
dcp          317       -544        321          5
dcp          332       -564        334          5
dcp          344       -589        361          5
dcp          344       -604        381          5
dcp          354       -642        436          5
dcp          347       -669        451          5
dcp          344       -684        466          5
dcp          324       -714        499         32
dcp          302       -742        519          5
dcp          279       -744        551          8
dcp          257       -752        584         10
dcp          227       -787        626          5
dcp          212       -817        649          5
dcp          202       -829        679          5
dcp          209       -844        706          5
dcp          227       -867        731          5
mae          269       -902        774          5
dcp          339       -479        271         15
dcp          364       -502        279          5
dcp          379       -522        314          5
dcp          407       -534        321          5
dcp          449       -537        346         10
dcp          472       -549        364          5
dcp          494       -577        384          8
dcp          527       -599        411          5
dcp          544       -619        424         10
dcp          574       -624        451          5
dcp          584       -639        481         10
dcp          592       -659        486          5
dcp          622       -669        509          5
dcp          644       -684        521          5
dcp          694       -702        536          5
dcp          729       -739        579          5
dcp          749       -752        584          5
dcp          774       -757        604         10
dcp          809       -787        596         10
dcp          837       -804        601          5
dcp          862       -812        614         10
dcp          892       -819        619         10
dcp          939       -819        631          5
dcp          964       -817        649          5
dcp         1002       -844        659          5
dcp         1039       -877        689          5
dcp         1069       -874        684          5
mae         1084       -882        701         10
dcp          327       -419        204          5
dcp          339       -447        204          5
dcp          359       -502        204          5
dcp          374       -534        206          5
dcp          384       -599        214          5
dcp          394       -644        229          5
dcp          402       -677        231          5
dcp          427       -732        254         10
dcp          457       -757        251         10
dcp          499       -779        249          5
dcp          547       -819        224          5
dcp          554       -839        224          5
dcp          594       -864        224         10
dcp          644       -884        219         10
dcp          699       -904        219         10
dcp          722       -917        214         10
dcp          734       -927        194          5
dcp          757       -934        189         10
dcp          774       -942        189          5
dcp          794       -944        174          2
dcp          802       -944        174          5
dcp          819       -949        174         10
dcp          842       -964        174          5
dcp          857       -984        164          5
dcp          877       -994        159          5
dcp          894       -999        164         10
dcp          919       -999        154         10
dcp          947      -1004        154          5
dcp          974      -1014        146         10
dcp         1002      -1034        129          5
dcp         1027      -1049        134          5
dcp         1067      -1059        121          5
dcp         1087      -1074        119          5
dcp         1102      -1099        109          5
dcp         1137      -1124         91          5
dcp         1177      -1149         81          5
dcp         1214      -1169         74         10
dcp         1259      -1177         66          5
dcp         1287      -1194         61          5
mae         1327      -1214         46          5
mto          -28        -44        -24         48
dcp          -66        -54        -24         22
dcp          -96        -72        -24         25
dcp         -121        -87        -39         25
dcp         -166       -102        -34         25
dcp         -191       -107        -44         15
dcp         -221       -107        -49         15
bp          -241       -112        -59         25
dcp         -241       -102        -54          5
dcp         -311        -97        -41         15
dcp         -341        -94        -39         20
dcp         -396        -82        -39         15
dcp         -411        -82        -36         15
dcp         -458        -74        -36         20
bp          -486        -67        -44         15
dcp         -488        -54        -31         10
dcp         -531        -39        -16         10
dcp         -566        -39         14         10
dcp         -586        -29         26         10
dcp         -611        -29         44         10
dcp         -616        -14         56         10
dcp         -646        -22         66          5
dcp         -646          1         89         10
dcp         -661         16         96         10
dcp         -673         36        134         18
dcp         -681         33        141         10
dcp         -736         53        161          5
dcp         -746         51        176          5
dcp         -773         58        206         10
dcp         -791         51        231          5
dcp         -818         53        251         10
dcp         -848         51        256         10
dcp         -883         63        266          5
dcp         -911         63        276          5
dcp         -936         83        289          5
dcp         -958         91        296         10
dcp         -983        103        296         10
dcp        -1018        113        304          5
dcp        -1048        116        324          5
dcp        -1076        123        346          5
dcp        -1108        141        349         10
dcp        -1138        163        384          5
dcp        -1166        158        409          5
dcp        -1191        148        451         10
dcp        -1223        118        521         10
mae        -1223        121        534          5
dcp         -486        -64        -39         10
dcp         -521        -54        -54         10
dcp         -558        -69        -64         10
dcp         -586        -79        -76         10
dcp         -611        -87        -79          5
dcp         -631        -94        -79         10
dcp         -658       -109        -79         18
dcp         -683       -109        -79         10
dcp         -711       -127        -79          5
dcp         -733       -142        -84          8
dcp         -763       -159        -91         10
dcp         -791       -184        -89         10
dcp         -806       -204        -94         10
dcp         -826       -232        -89         10
dcp         -856       -242        -84         18
dcp         -881       -279        -84         22
dcp         -898       -299        -84          5
dcp         -906       -324        -79         10
dcp         -913       -344        -86         10
dcp         -928       -374        -89         15
dcp         -936       -389        -84         10
dcp         -936       -429        -84         20
dcp         -956       -464        -99         10
dcp         -978       -474        -96         10
dcp         -998       -497       -109          8
dcp        -1013       -522       -104          8
dcp        -1023       -539       -111         10
dcp        -1051       -549       -106         10
dcp        -1073       -559       -114          5
dcp        -1113       -599        -96          5
dcp        -1136       -609        -91         10
dcp        -1153       -629        -94         15
mae        -1196       -642        -79          5
dcp         -241       -119        -44         10
dcp         -278       -122        -79         15
dcp         -306       -142        -89         10
dcp         -318       -159       -106         10
dcp         -331       -169       -129         20
dcp         -341       -194       -149         30
dcp         -346       -204       -141         10
bp          -348       -222       -166         25
dcp         -361       -227       -174         15
dcp         -386       -239       -189         15
dcp         -383       -254       -196         18
dcp         -401       -254       -211         10
dcp         -416       -272       -236         10
dcp         -428       -289       -281         15
dcp         -431       -294       -331         10
bp          -441       -294       -389         10
dcp         -426       -287       -396         20
dcp         -441       -279       -424         10
dcp         -456       -264       -436         10
dcp         -473       -264       -456         10
dcp         -488       -277       -476         15
dcp         -498       -287       -509         10
dcp         -506       -279       -524         10
dcp         -501       -277       -564         15
dcp         -513       -279       -524          5
dcp         -506       -259       -611         10
dcp         -506       -274       -664         10
dcp         -513       -267       -696          5
dcp         -521       -262       -721          5
dcp         -531       -264       -736          8
dcp         -538       -249       -739          5
dcp         -558       -259       -761          5
dcp         -568       -264       -769         10
dcp         -571       -262       -796          8
dcp         -581       -277       -811          5
dcp         -596       -269       -831         10
dcp         -603       -262       -849          5
dcp         -608       -237       -864          5
dcp         -606       -227       -876          5
dcp         -613       -204       -889          5
mae         -608       -182       -904          5
dcp         -418       -294       -381         10
dcp         -416       -324       -401         10
dcp         -416       -329       -426         10
dcp         -416       -339       -436         20
dcp         -426       -344       -441         10
dcp         -448       -372       -461         15
dcp         -463       -382       -476          5
dcp         -473       -404       -506         10
dcp         -476       -407       -531          5
dcp         -483       -417       -554          5
dcp         -491       -417       -571          5
dcp         -498       -419       -586          5
dcp         -506       -422       -611         10
dcp         -511       -442       -634         10
dcp         -516       -457       -656          5
dcp         -528       -479       -666         10
dcp         -536       -494       -674         10
dcp         -546       -514       -686          8
dcp         -558       -524       -691          5
dcp         -556       -542       -711          5
dcp         -566       -579       -721         10
dcp         -548       -609       -739          5
dcp         -553       -622       -746         10
dcp         -546       -644       -769          5
dcp         -538       -667       -779          5
dcp         -523       -689       -806          5
dcp         -516       -709       -821          8
dcp         -491       -729       -839         10
dcp         -488       -752       -859          5
dcp         -501       -764       -889          5
dcp         -503       -779       -884          5
dcp         -506       -789       -889          5
dcp         -523       -812       -906          5
dcp         -528       -824       -901         10
dcp         -538       -849       -919         10
dcp         -543       -862       -924         15
dcp         -538       -879       -934         10
mae         -561       -902       -939          5
dcp         -343       -224       -171         15
dcp         -343       -249       -169         15
dcp         -346       -284       -171         10
dcp         -341       -324       -171         20
bp          -351       -349       -184         30
dcp         -348       -364       -171         25
dcp         -338       -379       -184         15
dcp         -346       -404       -169          2
dcp         -343       -419       -171          5
dcp         -353       -469       -169         15
dcp         -353       -509       -176         15
dcp         -351       -574       -176          2
dcp         -353       -589       -164          5
dcp         -346       -629       -164         20
dcp         -341       -669       -166         10
dcp         -333       -709       -159          5
dcp         -328       -749       -169         15
dcp         -336       -809       -174         20
dcp         -331       -829       -174         20
dcp         -338       -874       -171         25
dcp         -333       -904       -164         15
dcp         -331       -934       -174         20
dcp         -323       -964       -156         18
dcp         -313      -1019       -146          5
dcp         -291      -1059       -144         10
dcp         -273      -1084       -131         10
dcp         -253      -1099       -131          5
dcp         -211      -1144       -104         10
dcp         -176      -1179        -96         10
dcp         -118      -1219        -76          5
dcp          -96      -1259        -56         10
dcp          -71      -1309        -26         10
mae          -61      -1354         16         10
dcp         -371       -359       -169         15
dcp         -373       -379       -169         25
dcp         -401       -417       -174         10
dcp         -408       -457       -174         15
dcp         -413       -469       -174         15
dcp         -421       -509       -176         10
dcp         -443       -529       -176         18
dcp         -448       -539       -176         15
dcp         -466       -554       -179         10
dcp         -493       -584       -176         10
dcp         -501       -599       -184         10
dcp         -508       -619       -181         10
bp          -523       -634       -189         18
dcp         -546       -634       -194         10
dcp         -563       -639       -184          5
dcp         -596       -642       -186          5
dcp         -626       -642       -184          5
dcp         -673       -634       -164         10
dcp         -696       -619       -161         10
dcp         -731       -609       -149         10
dcp         -761       -609       -136         10
dcp         -791       -609       -124         10
dcp         -816       -619       -119         10
dcp         -841       -634       -109         10
dcp         -876       -642        -96          5
dcp         -911       -654        -91          2
dcp         -951       -669        -89         10
dcp         -986       -684        -84         10
dcp        -1026       -707        -84          5
dcp        -1056       -714        -79         10
dcp        -1088       -724        -74          5
dcp        -1126       -739        -69         10
dcp        -1171       -754        -64         10
mae        -1191       -769        -61         10
dcp         -521       -637       -196         10
dcp         -541       -664       -209         10
dcp         -536       -684       -211         10
dcp         -528       -709       -221         15
dcp         -531       -734       -229         10
dcp         -521       -759       -231         10
dcp         -523       -774       -226          5
dcp         -528       -814       -241         15
dcp         -518       -864       -251         15
dcp         -523       -879       -249         15
dcp         -521       -904       -261         10
dcp         -521       -929       -261          2
dcp         -506       -984       -261          2
dcp         -508      -1009       -261          5
dcp         -511      -1039       -266         10
dcp         -516      -1049       -274         10
dcp         -508      -1079       -271          5
dcp         -498      -1104       -269          5
dcp         -508      -1129       -281          5
dcp         -501      -1154       -281         10
dcp         -503      -1179       -286          5
dcp         -513      -1204       -296          5
mae         -521      -1224       -296         10
mto           89        -57         24         35
dcp          114        -62         11         28
dcp          132        -74        -16         32
dcp          149        -87        -16         28
dcp          177       -102        -26         15
dcp          202       -119        -34         18
dcp          229       -132        -44         18
dcp          257       -149        -61         18
dcp          279       -159        -69         15
bp           292       -177        -74         15
dcp          297       -174        -79         10
dcp          304       -172       -104         15
dcp          327       -182       -136         15
dcp          307       -179       -169         15
dcp          332       -194       -214         15
dcp          329       -194       -246         20
dcp          352       -199       -286         10
dcp          374       -202       -304         15
bp           374       -207       -301          5
dcp          414       -114       -304          2
dcp          459       -109       -371         10
dcp          479        -94       -391         10
dcp          487        -64       -411         10
dcp          512        -52       -421          5
dcp          539        -34       -441         10
dcp          559        -17       -441          5
dcp          577          1       -449         10
dcp          597         13       -454          5
dcp          612         36       -456          5
dcp          624         51       -466          8
dcp          649         53       -476         10
dcp          667         61       -481         10
dcp          682         68       -499          5
dcp          707         78       -506         15
dcp          724         91       -529         10
dcp          749        106       -556         10
dcp          764        118       -566          5
dcp          774        153       -586          5
dcp          794        173       -594          5
dcp          809        191       -621         10
dcp          829        203       -636         10
dcp          852        223       -656          5
dcp          874        236       -666         10
dcp          907        241       -679          5
dcp          919        258       -686         10
dcp          942        246       -704          5
dcp          949        268       -726          2
dcp          957        276       -769         10
dcp          964        271       -794          5
mae          984        276       -819          5
dcp          387       -217       -329         20
dcp          409       -239       -359         15
dcp          434       -264       -391         10
dcp          427       -282       -411         10
dcp          437       -304       -421          5
dcp          447       -334       -446          8
dcp          449       -347       -466          5
dcp          452       -347       -489         10
dcp          459       -349       -526         15
dcp          477       -357       -581         10
dcp          494       -367       -611         10
dcp          512       -364       -646         10
dcp          522       -374       -676          8
dcp          532       -382       -724         10
dcp          557       -387       -741         10
dcp          577       -392       -764         10
dcp          599       -394       -781         10
dcp          614       -404       -796          5
dcp          632       -417       -806         10
dcp          644       -419       -826         10
dcp          667       -422       -854         10
dcp          677       -434       -876         10
dcp          697       -449       -904         10
dcp          707       -472       -934          5
dcp          707       -482       -954         15
dcp          719       -497       -974         10
dcp          727       -519      -1009          5
dcp          734       -547      -1021         10
dcp          727       -564      -1034          5
dcp          707       -584      -1049          8
dcp          687       -594      -1054         10
dcp          672       -612      -1064         15
dcp          657       -622      -1071         10
dcp          634       -612      -1074          5
dcp          622       -619      -1086          5
dcp          617       -627      -1094          5
dcp          597       -639      -1121          5
dcp          599       -649      -1139         10
dcp          609       -672      -1146         10
dcp          619       -689      -1166          2
dcp          629       -702      -1199          5
dcp          647       -732      -1204          2
dcp          657       -729      -1226         10
dcp          674       -737      -1246          5
mae          699       -749      -1259         10
dcp          282       -179        -79         15
dcp          299       -204        -81         10
dcp          297       -222        -79         15
dcp          317       -244        -84         15
dcp          339       -289        -89          2
bp           349       -317       -104         42
dcp          344       -327       -109         20
dcp          344       -349       -131         20
dcp          347       -374       -136         15
dcp          342       -394       -141         15
dcp          349       -419       -146         20
dcp          362       -454       -154          5
dcp          364       -474       -164         20
dcp          379       -509       -189          2
dcp          372       -524       -196         15
bp           392       -544       -221         18
dcp          384       -554       -229         22
dcp          382       -577       -261         15
dcp          379       -599       -279         20
dcp          372       -622       -296         15
dcp          359       -639       -324         10
dcp          362       -654       -341         25
dcp          359       -679       -361         10
dcp          347       -709       -401         15
dcp          312       -699       -421          2
dcp          307       -724       -421         10
dcp          297       -737       -446         15
dcp          294       -762       -466         10
dcp          274       -772       -481         10
dcp          262       -792       -486          5
dcp          247       -819       -506          5
dcp          242       -832       -519          5
dcp          229       -847       -521         10
dcp          214       -867       -526          5
dcp          207       -877       -549          5
dcp          209       -894       -544         10
dcp          207       -934       -561          5
dcp          204       -949       -576          5
dcp          209       -969       -591          5
dcp          202       -989       -594          5
dcp          202      -1014       -606          5
dcp          194      -1034       -631         10
dcp          177      -1044       -639         10
dcp          182      -1062       -641          5
dcp          169      -1087       -671         10
dcp          152      -1097       -691          5
dcp          152      -1112       -706          5
dcp          152      -1122       -704          5
dcp          157      -1137       -726         10
dcp          149      -1172       -741         10
dcp          142      -1202       -759         15
dcp          139      -1229       -766         10
dcp          124      -1239       -774          5
dcp          122      -1254       -789          5
mae          137      -1257       -819          5
dcp          394       -549       -236          2
dcp          412       -569       -221         18
dcp          419       -589       -221         10
dcp          437       -614       -229          5
dcp          447       -644       -249         15
bp           477       -662       -269         20
dcp          482       -662       -264         15
dcp          499       -667       -256          5
dcp          529       -674       -264         10
dcp          579       -687       -269         15
dcp          614       -699       -284         10
dcp          649       -707       -279          5
dcp          689       -707       -286          5
dcp          714       -719       -299          2
dcp          764       -729       -316         10
dcp          792       -739       -326         10
dcp          842       -759       -344          5
dcp          879       -779       -356         10
dcp          914       -794       -356         10
dcp          954       -812       -356         10
dcp          999       -834       -356         10
dcp         1039       -852       -366         10
dcp         1077       -867       -364          8
dcp         1107       -904       -361         15
dcp         1132       -929       -376          5
dcp         1172       -954       -376          5
dcp         1197       -979       -381         10
mae         1214       -989       -389         10
dcp          469       -669       -251         20
dcp          492       -719       -251          5
dcp          537       -759       -244          5
dcp          537       -789       -241          5
dcp          542       -814       -241          5
dcp          534       -849       -231         10
dcp          539       -869       -231         20
dcp          542       -907       -216         25
dcp          519       -959       -196          2
dcp          502       -994       -184          5
dcp          484      -1039       -179         10
dcp          467      -1074       -171         15
dcp          462      -1099       -171          5
dcp          469      -1114       -171         20
dcp          469      -1129       -164         20
dcp          502      -1154       -156          5
dcp          529      -1164       -151         10
dcp          539      -1174       -154         10
dcp          572      -1194       -149          5
dcp          587      -1204       -149          5
dcp          607      -1219       -134          5
dcp          622      -1234       -124          5
dcp          659      -1254       -114         10
dcp          659      -1264       -114         10
dcp          687      -1289       -114          5
dcp          702      -1309        -94          5
dcp          722      -1329        -91          5
mae          752      -1354        -91          5
dcp          344       -322        -94         10
dcp          359       -329        -94         10
dcp          394       -354        -89         10
dcp          407       -374        -91         10
dcp          432       -399        -74         10
dcp          474       -429        -69         10
dcp          482       -444        -54          5
dcp          497       -459        -51          5
dcp          509       -479        -44         15
dcp          542       -504        -31         10
dcp          574       -512        -29          5
dcp          599       -537        -29          5
dcp          624       -544        -29         15
dcp          654       -554        -24         10
dcp          694       -569         -9         10
dcp          739       -584         -9         10
dcp          782       -604          9          5
dcp          809       -609         19         10
dcp          834       -609         26         10
dcp          864       -624         39         10
dcp          884       -624         51         10
dcp          904       -642         64          5
dcp          937       -642         64          8
dcp          969       -657         81          5
dcp          994       -657        124          5
dcp         1022       -657        129          8
dcp         1029       -654        164         20
dcp         1037       -679        219         15
dcp         1039       -704        239         10
dcp         1057       -677        259          5
dcp         1069       -687        279         10
dcp         1087       -679        299          5
dcp         1089       -677        321          5
dcp         1109       -692        334         10
mae         1112       -697        339         10
