./cells/86_29_cat/j2986dd_sdt/j2986dd_sdt.txt
mto  -1.554 8.071 -0.625 0.250
scp  0.446 8.071 -0.625 0.250
scp  2.446 8.071 -0.625 0.250
scp  3.946 6.571 -0.625 0.250
scp  4.446 5.071 -0.625 0.250
scp  4.946 2.571 -0.875 0.250
scp  6.446 0.071 0.125 0.250
scp  7.446 -2.429 1.125 0.250
scp  8.946 -3.929 0.375 0.250
scp  7.946 -5.429 0.375 0.250
scp  6.446 -6.429 -0.125 0.250
scp  4.946 -7.929 0.125 0.250
scp  2.946 -8.929 -0.125 0.250
scp  1.946 -7.929 -0.125 0.250
scp  0.446 -7.429 0.375 0.250
scp  -1.554 -7.429 0.375 0.250
scp  -3.554 -6.429 0.125 0.250
scp  -4.554 -6.429 0.125 0.250
scp  -5.554 -3.929 0.375 0.250
scp  -6.054 -2.429 0.125 0.250
scp  -6.054 -0.929 0.125 0.250
scp  -6.554 1.071 0.125 0.250
scp  -6.054 2.571 0.125 0.250
scp  -6.554 5.071 0.375 0.250
scp  -6.054 6.571 0.375 0.250
scp  -5.054 8.071 -0.125 0.250
scp  -3.054 8.071 -0.125 0.250
ne   -1.554 8.071 -0.125 0.250
mto  -0.304 8.071 -5.375 1.500
dcp  -1.554 9.571 -7.625 2.000
dcp  -1.304 12.071 -9.375 0.500
dcp  -3.054 14.571 -10.125 1.000
dcp  -2.304 16.071 -10.875 1.500
dcp  -2.804 19.571 -11.625 1.500
bp   -2.054 23.071 -16.625 1.500
dcp  -2.554 22.571 -18.125 3.000
dcp  -2.304 21.071 -19.375 1.500
dcp  -3.554 19.071 -20.625 1.000
dcp  -4.054 19.071 -22.125 1.000
dcp  -5.054 18.571 -23.875 1.000
dcp  -6.304 19.071 -25.875 1.000
dcp  -6.304 17.571 -29.375 1.500
dcp  -7.554 17.321 -33.875 0.500
dcp  -8.054 16.821 -36.125 1.500
dcp  -7.054 17.071 -40.875 0.250
bp   -7.554 17.071 -43.375 0.500
dcp  -7.554 17.071 -44.875 0.500
dcp  -7.554 16.071 -45.375 0.500
dcp  -5.804 16.571 -47.375 1.000
dcp  -4.304 14.821 -49.375 1.000
dcp  -3.304 14.571 -50.875 1.000
dcp  0.196 14.571 -52.875 0.500
dcp  1.196 13.821 -55.625 1.000
dcp  3.446 14.321 -57.875 0.500
dcp  3.696 15.321 -60.375 1.500
dcp  4.946 14.821 -61.875 1.000
dcp  6.696 12.821 -64.375 1.000
dcp  9.696 12.321 -66.375 1.000
dcp  11.196 11.571 -68.875 0.500
dcp  12.446 10.821 -70.375 1.000
dcp  13.446 9.071 -71.875 1.000
dcp  15.946 7.821 -75.125 0.500
dcp  16.696 6.571 -77.875 1.000
dcp  18.446 4.571 -81.125 1.000
dcp  19.446 3.321 -83.125 0.500
dcp  19.946 0.821 -85.375 0.500
dcp  21.196 -0.929 -88.375 0.500
dcp  22.696 -2.679 -91.625 1.000
dcp  23.946 -5.429 -94.625 0.500
ne   23.946 -6.679 -98.625 0.500
dcp  -8.054 17.071 -45.375 1.000
dcp  -8.554 16.071 -47.375 1.000
dcp  -8.304 16.571 -50.625 0.500
dcp  -9.304 17.321 -51.625 1.000
dcp  -9.304 16.821 -54.875 1.000
dcp  -9.054 17.821 -56.875 0.500
dcp  -8.554 17.571 -60.375 0.500
dcp  -8.554 17.571 -62.125 0.500
dcp  -7.554 18.821 -62.125 0.500
dcp  -6.554 18.821 -64.125 0.250
dcp  -5.304 18.071 -66.875 0.500
dcp  -5.054 16.571 -67.875 1.000
dcp  -4.554 16.821 -70.375 0.750
dcp  -5.554 15.071 -73.125 1.000
dcp  -6.804 14.321 -76.125 1.000
dcp  -8.304 13.571 -78.125 0.500
dcp  -8.554 12.321 -79.375 0.750
dcp  -9.554 11.321 -82.125 0.500
dcp  -10.304 10.821 -84.125 1.000
dcp  -10.804 10.321 -87.375 0.750
dcp  -11.804 9.071 -89.875 1.000
dcp  -13.054 9.321 -91.125 0.500
dcp  -15.054 8.571 -92.625 1.000
dcp  -18.304 9.321 -94.125 1.000
dcp  -20.054 10.071 -95.125 0.500
dcp  -21.054 11.321 -97.625 1.000
dcp  -22.554 12.571 -99.375 0.500
dcp  -24.054 13.321 -101.375 1.000
dcp  -25.304 13.571 -103.625 1.000
dcp  -27.304 15.571 -105.875 1.000
dcp  -29.804 16.571 -108.875 0.500
ne   -30.804 16.821 -110.375 0.500
dcp  -2.804 23.071 -17.625 2.750
dcp  -3.804 26.071 -18.125 0.500
dcp  -3.054 27.571 -18.875 1.000
bp   -4.554 28.071 -19.375 1.000
dcp  -3.054 29.071 -19.625 1.000
dcp  -1.554 30.571 -19.375 1.000
dcp  -1.054 32.071 -19.875 0.250
dcp  -0.554 34.571 -19.125 1.000
dcp  0.446 36.821 -19.125 1.000
dcp  2.446 39.571 -19.125 0.250
dcp  3.196 41.071 -19.125 1.500
dcp  3.696 44.571 -18.125 1.500
dcp  4.196 46.571 -17.375 0.500
dcp  4.696 50.071 -17.125 0.500
dcp  6.946 55.071 -17.375 1.000
dcp  7.696 57.071 -16.625 1.500
dcp  9.196 60.571 -16.875 1.500
dcp  9.696 63.071 -17.125 1.500
dcp  10.946 65.821 -17.125 1.000
dcp  12.696 69.571 -17.875 0.500
dcp  13.196 71.571 -17.375 1.500
dcp  13.196 74.071 -17.875 0.500
dcp  14.196 77.571 -17.125 0.500
dcp  13.946 80.071 -17.625 1.000
dcp  14.946 83.071 -17.375 1.000
dcp  15.446 84.571 -17.125 1.000
dcp  16.946 88.321 -16.875 1.000
dcp  17.446 90.571 -16.125 1.000
dcp  18.946 94.571 -16.875 1.000
dcp  19.446 96.571 -16.875 0.250
dcp  21.446 99.071 -17.125 1.000
dcp  22.196 101.571 -17.875 1.500
dcp  22.946 103.071 -17.375 1.000
dcp  23.446 107.071 -16.875 1.000
dcp  22.946 113.071 -17.125 1.000
dcp  22.446 115.571 -16.875 1.000
dcp  22.446 118.571 -17.875 1.000
dcp  22.696 121.071 -18.125 0.500
dcp  23.446 123.571 -17.625 1.000
dcp  23.696 125.071 -18.375 0.500
dcp  24.696 127.821 -18.625 0.750
dcp  26.196 129.071 -18.125 0.500
dcp  27.696 130.321 -19.125 0.750
dcp  28.196 132.571 -17.875 1.000
dcp  28.446 134.071 -18.125 1.000
dcp  29.696 135.571 -17.125 0.500
dcp  31.446 138.071 -18.125 1.000
dcp  32.696 139.571 -17.375 0.500
dcp  33.696 140.571 -17.875 0.500
dcp  34.696 142.571 -18.625 0.500
ne   34.696 146.071 -18.625 0.500
dcp  -5.304 28.571 -19.375 1.000
dcp  -6.054 29.571 -20.625 1.000
dcp  -8.054 32.071 -21.875 1.000
dcp  -9.054 35.821 -22.125 2.000
dcp  -11.804 39.821 -23.375 1.500
dcp  -14.054 43.071 -24.625 1.500
dcp  -15.054 45.321 -25.125 1.000
dcp  -16.054 47.071 -25.875 1.500
bp   -17.304 48.571 -25.875 1.750
dcp  -18.054 48.571 -25.875 1.000
dcp  -23.554 50.571 -26.875 1.000
dcp  -26.304 51.571 -26.625 0.500
dcp  -28.054 51.821 -26.875 0.500
dcp  -30.054 51.071 -27.375 1.000
dcp  -33.304 50.571 -27.375 0.500
dcp  -35.554 50.571 -28.125 1.000
dcp  -38.054 50.321 -27.875 0.500
dcp  -40.054 49.571 -28.375 1.000
dcp  -44.054 49.071 -29.375 1.000
dcp  -47.804 48.571 -28.875 1.000
dcp  -50.554 48.571 -29.375 1.000
dcp  -53.804 48.071 -29.375 1.500
dcp  -56.804 47.571 -29.625 0.500
dcp  -58.804 46.071 -30.375 1.000
dcp  -60.804 44.071 -32.625 0.500
dcp  -64.554 43.071 -34.125 1.000
dcp  -65.804 42.571 -34.375 0.500
dcp  -67.554 41.071 -35.875 1.000
dcp  -70.304 38.571 -35.875 0.500
dcp  -72.554 37.071 -36.125 1.000
dcp  -73.554 35.071 -35.625 1.500
ne   -76.054 33.071 -35.625 0.250
dcp  -17.054 49.571 -25.875 1.500
dcp  -18.054 51.571 -26.125 0.250
dcp  -18.554 53.071 -26.125 1.000
dcp  -20.054 55.571 -27.375 0.250
dcp  -21.804 58.571 -27.375 0.500
dcp  -22.804 61.071 -27.875 1.500
dcp  -23.554 62.571 -27.375 1.000
dcp  -24.304 64.571 -27.375 0.500
dcp  -24.554 66.571 -27.875 1.000
dcp  -26.304 70.071 -28.875 1.500
dcp  -29.054 72.821 -28.875 1.000
dcp  -30.054 73.571 -28.375 1.000
dcp  -31.804 75.071 -28.875 0.500
dcp  -34.554 77.071 -28.125 0.250
dcp  -36.554 79.071 -29.125 1.000
dcp  -38.804 80.071 -28.875 1.000
dcp  -41.554 80.821 -30.125 0.500
dcp  -44.054 81.571 -30.875 1.000
dcp  -47.054 83.321 -31.875 0.500
dcp  -50.554 84.071 -32.625 1.000
dcp  -53.304 86.571 -34.125 1.000
dcp  -56.304 89.571 -35.125 0.500
dcp  -58.304 92.571 -35.375 1.500
dcp  -62.054 95.571 -35.125 1.000
dcp  -63.554 97.571 -36.875 1.000
ne   -65.304 99.071 -36.875 0.500
mto  -7.304 5.571 5.125 5.250
dcp  -8.554 5.571 6.125 3.500
dcp  -10.054 5.821 5.875 2.750
dcp  -11.554 6.321 7.875 1.500
dcp  -13.554 7.071 9.125 2.000
dcp  -15.304 7.321 9.625 2.500
bp   -15.554 7.321 11.125 2.750
dcp  -16.804 7.071 11.875 2.000
dcp  -18.304 6.571 12.625 1.000
dcp  -20.804 5.071 13.625 1.000
dcp  -24.054 3.571 15.625 1.000
bp   -24.054 3.571 15.875 1.000
dcp  -22.804 3.071 19.125 1.500
dcp  -21.804 2.321 21.125 1.500
dcp  -20.054 0.571 25.125 0.250
dcp  -19.554 0.571 25.375 1.000
bp   -18.804 -0.929 30.625 1.000
dcp  -18.304 -0.929 31.625 1.000
dcp  -18.304 0.321 33.625 0.500
dcp  -17.804 1.821 36.125 0.500
dcp  -17.804 2.071 38.375 0.500
dcp  -17.804 2.821 41.875 1.000
dcp  -18.304 3.821 45.875 1.000
dcp  -18.804 5.571 47.875 0.500
dcp  -18.804 6.571 50.375 0.500
dcp  -19.804 8.321 51.625 0.500
dcp  -20.804 9.571 53.875 0.500
dcp  -21.304 11.071 56.375 0.500
dcp  -21.054 12.571 58.875 0.500
dcp  -21.304 14.571 60.875 0.500
dcp  -21.054 16.321 62.375 0.500
dcp  -20.054 18.571 65.875 0.500
dcp  -19.804 20.071 68.125 0.500
dcp  -19.804 21.571 70.875 0.500
dcp  -19.554 24.821 73.625 1.000
dcp  -20.054 27.071 77.625 0.500
dcp  -21.054 30.071 81.375 1.000
dcp  -21.304 29.821 82.125 0.750
dcp  -22.804 32.071 84.125 1.000
dcp  -24.304 34.571 87.375 1.000
dcp  -26.054 36.571 90.125 1.000
dcp  -26.804 39.821 92.875 1.000
dcp  -27.554 42.321 93.625 0.500
dcp  -26.804 44.821 95.625 1.000
dcp  -25.304 48.071 98.125 1.000
dcp  -25.054 50.071 99.125 0.250
dcp  -24.554 52.571 100.375 0.500
dcp  -22.554 55.071 100.875 0.500
dcp  -23.804 58.071 102.125 0.500
dcp  -22.804 61.571 103.875 0.500
ne   -22.554 64.571 103.375 0.500
dcp  -18.054 -1.679 31.125 0.500
dcp  -17.554 -4.179 32.875 1.000
dcp  -16.554 -5.679 36.625 0.500
bp   -15.804 -11.679 46.375 0.250
dcp  -15.804 -11.679 46.375 0.250
dcp  -15.804 -13.179 46.125 0.500
dcp  -13.804 -15.429 46.875 0.500
dcp  -10.804 -18.179 48.875 0.500
dcp  -8.054 -21.429 50.875 0.500
dcp  -7.054 -25.929 54.875 0.500
dcp  -5.304 -29.179 58.875 0.500
dcp  -5.804 -30.429 61.625 0.500
dcp  -7.554 -30.929 64.875 0.500
dcp  -8.054 -31.929 67.375 0.500
dcp  -7.554 -32.429 69.375 0.500
dcp  -5.554 -33.679 71.625 1.000
dcp  -3.554 -34.179 74.625 0.500
dcp  -3.054 -35.929 78.375 0.500
dcp  -4.304 -38.179 80.125 0.500
dcp  -5.304 -39.679 80.125 0.500
dcp  -4.554 -41.179 80.375 0.500
dcp  -2.804 -44.929 82.125 0.500
dcp  -1.054 -47.179 84.125 0.500
dcp  0.946 -50.179 85.625 0.500
dcp  1.946 -52.429 87.625 2.000
dcp  3.446 -55.179 88.625 0.250
dcp  3.446 -56.179 90.625 1.000
dcp  5.196 -57.179 92.625 1.500
dcp  6.946 -59.179 94.375 0.500
dcp  7.196 -60.679 95.875 1.000
dcp  9.196 -62.429 98.125 0.500
dcp  12.196 -65.929 100.875 0.500
dcp  12.946 -68.929 102.375 0.500
dcp  14.946 -70.429 104.375 0.500
dcp  15.446 -72.679 104.875 0.500
dcp  12.946 -73.929 105.625 0.500
dcp  11.946 -76.929 105.875 1.000
dcp  9.196 -78.929 107.375 0.500
dcp  9.446 -83.429 108.875 0.500
dcp  8.446 -85.679 111.625 1.500
dcp  7.446 -89.179 113.875 1.000
ne   9.946 -90.929 115.375 1.000
dcp  -15.804 -9.679 38.625 0.500
dcp  -15.054 -10.929 42.375 0.500
dcp  -13.554 -10.929 47.625 0.500
dcp  -12.304 -8.679 51.375 1.000
dcp  -12.804 -7.179 54.875 1.000
dcp  -13.554 -6.929 63.625 0.500
dcp  -13.804 -7.429 67.125 1.000
dcp  -14.304 -5.929 72.375 1.000
dcp  -13.804 -4.929 74.625 1.000
dcp  -12.054 -4.679 77.875 1.000
dcp  -11.304 -3.179 82.125 0.500
dcp  -11.554 -2.679 83.375 0.500
dcp  -11.804 -2.429 85.375 1.000
dcp  -10.054 -1.429 89.375 1.000
dcp  -8.054 0.821 92.625 1.000
dcp  -6.804 2.821 95.875 0.250
dcp  -4.054 4.321 98.625 0.500
dcp  -3.554 7.321 100.875 0.500
dcp  -2.554 10.821 104.125 1.000
dcp  -1.054 13.321 106.125 0.500
dcp  0.946 10.821 107.625 0.500
dcp  2.946 11.571 113.125 1.000
ne   3.946 11.571 112.875 1.000
dcp  -25.054 3.071 17.375 2.000
dcp  -27.554 2.321 17.875 1.500
dcp  -30.054 1.071 18.875 1.000
dcp  -31.304 0.321 19.125 1.500
dcp  -34.054 -0.429 19.375 1.000
dcp  -36.054 -0.929 21.375 1.500
dcp  -37.804 -0.929 21.875 1.500
bp   -38.554 -1.179 21.875 1.500
dcp  -39.554 -1.679 21.375 1.000
dcp  -41.054 -2.679 21.375 1.000
dcp  -43.804 -4.179 21.625 1.500
dcp  -46.054 -5.679 22.125 1.000
dcp  -48.054 -6.429 21.375 0.500
dcp  -49.804 -6.679 21.875 0.750
dcp  -51.054 -7.429 21.875 1.500
bp   -53.804 -7.929 21.625 1.000
dcp  -54.804 -7.929 21.375 1.000
dcp  -56.804 -9.179 21.875 1.000
dcp  -59.554 -10.929 21.875 1.000
dcp  -61.304 -12.679 21.875 0.500
dcp  -63.304 -13.179 21.625 0.500
dcp  -65.554 -14.179 21.875 1.000
dcp  -66.804 -16.179 21.375 0.500
dcp  -67.804 -15.429 19.375 1.000
dcp  -70.554 -17.179 16.625 0.500
dcp  -72.804 -18.429 15.875 0.500
dcp  -75.054 -18.679 15.125 0.500
dcp  -78.304 -22.429 13.625 0.500
dcp  -80.304 -25.429 11.875 0.500
dcp  -82.054 -27.429 9.375 1.000
dcp  -83.054 -29.929 7.375 1.000
dcp  -86.554 -29.179 6.125 0.500
dcp  -92.304 -28.929 3.375 0.500
dcp  -97.304 -27.429 1.375 0.500
dcp  -101.304 -25.429 -2.625 0.500
dcp  -104.054 -25.929 -5.125 1.000
dcp  -108.054 -25.179 -5.625 0.500
dcp  -111.304 -24.929 -6.625 0.500
dcp  -114.304 -26.429 -7.875 0.500
dcp  -118.304 -27.429 -8.625 0.500
dcp  -121.804 -27.929 -8.625 0.500
dcp  -124.804 -28.929 -12.875 0.500
dcp  -127.554 -31.679 -12.625 0.500
dcp  -131.304 -35.929 -15.125 0.500
dcp  -133.054 -40.429 -17.125 1.000
dcp  -135.304 -42.429 -19.625 0.500
dcp  -137.304 -44.929 -19.875 0.500
ne   -140.304 -49.929 -22.375 0.500
dcp  -54.054 -7.429 22.625 1.000
dcp  -55.304 -7.929 23.125 1.000
dcp  -57.804 -8.179 23.125 1.000
dcp  -61.804 -9.179 23.875 1.000
dcp  -65.304 -8.929 24.375 1.000
dcp  -68.054 -9.929 24.875 0.500
dcp  -71.304 -10.679 24.875 1.000
dcp  -72.804 -10.679 25.375 1.000
dcp  -76.054 -12.679 25.375 1.000
dcp  -77.804 -14.429 25.625 1.000
dcp  -81.804 -13.929 25.125 0.500
dcp  -84.304 -14.929 26.375 1.000
dcp  -88.054 -15.929 25.875 0.500
dcp  -90.304 -15.679 26.125 1.000
dcp  -94.304 -16.929 26.375 1.000
dcp  -96.054 -17.929 26.875 0.500
dcp  -97.554 -17.929 27.875 0.500
dcp  -99.554 -17.429 26.875 1.000
dcp  -102.054 -19.179 27.125 1.000
dcp  -104.554 -19.429 27.625 1.000
dcp  -107.304 -20.679 28.125 1.000
dcp  -110.804 -22.679 28.125 1.000
dcp  -113.054 -23.679 29.375 0.500
dcp  -116.554 -24.679 28.625 1.000
dcp  -119.304 -26.679 31.125 0.500
dcp  -121.804 -26.929 30.625 0.500
dcp  -124.304 -27.179 31.375 0.500
dcp  -127.304 -27.679 33.125 0.500
dcp  -129.804 -25.929 35.375 1.000
dcp  -132.804 -26.429 38.375 1.000
dcp  -135.804 -27.679 39.125 1.000
dcp  -138.304 -27.929 40.125 1.000
dcp  -141.804 -28.929 42.125 0.500
dcp  -144.304 -29.179 43.625 0.500
dcp  -146.054 -30.179 44.125 1.000
dcp  -150.054 -30.679 46.125 1.000
dcp  -152.054 -30.179 47.625 0.500
dcp  -155.304 -28.179 47.875 1.000
dcp  -158.554 -27.429 49.875 1.000
dcp  -161.554 -26.929 50.625 0.500
dcp  -165.304 -25.679 52.125 1.000
dcp  -171.304 -24.679 53.125 1.000
dcp  -175.304 -24.179 54.375 1.000
dcp  -177.804 -22.429 55.875 0.500
dcp  -180.304 -21.679 58.625 1.000
ne   -186.304 -21.179 59.375 1.000
dcp  -39.554 -0.929 22.875 1.000
dcp  -41.054 -0.679 23.375 1.000
dcp  -44.804 1.571 25.875 1.000
dcp  -46.054 3.571 26.375 1.000
dcp  -49.054 4.071 27.375 1.000
dcp  -51.304 4.821 31.375 0.500
dcp  -54.304 5.071 32.875 1.000
dcp  -56.054 5.571 33.875 0.500
dcp  -57.054 6.821 35.375 0.500
dcp  -58.054 7.321 37.625 0.500
dcp  -59.554 8.571 39.875 1.000
dcp  -61.054 10.571 41.625 0.500
dcp  -63.554 10.821 46.125 1.000
dcp  -63.804 8.821 48.375 0.500
dcp  -63.054 6.821 53.125 0.500
dcp  -62.304 6.571 55.625 0.500
dcp  -59.304 5.321 56.125 0.500
dcp  -56.804 4.821 57.125 1.000
dcp  -54.804 5.071 58.375 1.000
dcp  -53.804 6.571 59.625 1.000
dcp  -51.304 6.321 59.875 1.000
dcp  -50.304 6.321 60.875 0.500
dcp  -48.304 6.571 61.125 0.500
dcp  -45.804 4.571 61.625 0.500
dcp  -44.554 3.071 63.375 1.000
dcp  -42.804 0.321 64.625 0.500
dcp  -41.804 -1.679 67.375 0.500
dcp  -38.804 -2.429 68.375 1.000
ne   -37.804 -1.429 70.875 0.750
dcp  -16.054 8.571 10.625 2.000
dcp  -17.054 10.571 11.125 1.000
dcp  -17.554 12.571 11.875 2.000
dcp  -19.304 15.071 11.875 0.500
dcp  -20.054 17.571 11.125 0.250
dcp  -22.804 20.571 12.125 1.500
dcp  -23.054 23.071 12.625 2.000
dcp  -24.054 26.571 13.375 0.250
dcp  -25.554 29.071 13.625 1.000
dcp  -25.804 31.071 14.625 1.500
dcp  -26.554 33.571 15.625 1.000
dcp  -28.054 35.571 17.125 1.000
dcp  -29.054 37.571 17.125 2.000
dcp  -30.054 39.571 18.375 1.000
dcp  -29.054 41.071 19.125 2.000
dcp  -30.304 45.071 20.625 0.500
dcp  -28.804 52.321 22.625 1.000
dcp  -29.554 55.821 22.875 1.000
dcp  -30.054 57.321 23.625 0.500
bp   -31.054 58.821 24.375 1.500
dcp  -31.554 58.571 24.375 0.500
dcp  -32.804 60.071 23.875 0.500
dcp  -34.554 62.321 23.625 0.500
dcp  -36.804 63.571 23.375 0.500
dcp  -40.054 67.321 22.625 0.500
dcp  -42.554 71.071 22.875 0.500
ne   -45.304 75.321 22.875 0.500
dcp  -30.304 58.821 24.375 0.500
dcp  -30.304 59.821 25.375 0.500
dcp  -29.804 62.821 27.125 1.000
dcp  -29.804 66.821 30.375 1.000
dcp  -30.054 68.821 31.875 1.000
bp   -31.054 70.821 32.875 1.000
dcp  -29.554 70.571 33.875 0.500
dcp  -28.054 73.571 34.875 0.500
dcp  -27.054 78.321 35.625 1.000
dcp  -27.804 80.071 35.625 0.500
dcp  -28.054 81.571 38.625 0.500
dcp  -28.054 87.571 40.375 0.500
dcp  -28.304 89.571 41.875 0.500
dcp  -26.554 93.321 43.625 0.500
dcp  -24.804 96.571 44.125 0.500
dcp  -22.554 99.821 44.875 1.000
dcp  -17.054 102.321 45.625 0.500
dcp  -12.804 105.821 45.125 0.500
ne   -10.554 108.571 45.375 0.500
dcp  -31.304 70.821 34.125 0.500
dcp  -32.554 72.071 35.625 0.500
dcp  -36.554 76.821 37.125 0.500
dcp  -40.304 81.821 38.625 1.000
dcp  -46.304 86.071 40.125 0.500
dcp  -52.304 88.321 41.375 0.500
dcp  -59.804 92.071 47.125 1.000
dcp  -65.054 93.071 49.375 1.000
dcp  -68.554 95.571 49.625 0.500
dcp  -73.304 98.321 52.125 0.500
dcp  -78.554 101.071 53.625 0.500
dcp  -82.554 104.821 56.125 0.500
dcp  -88.554 108.821 59.125 0.500
dcp  -91.304 112.321 62.625 0.750
dcp  -97.054 114.321 64.375 0.500
ne   -98.554 114.321 64.375 0.500
mto  9.696 -1.929 3.125 5.000
dcp  12.696 -1.679 4.625 3.500
dcp  15.446 -2.179 4.625 2.500
dcp  18.446 -3.929 7.125 1.500
bp   19.446 -4.679 9.875 2.750
dcp  20.446 -4.679 10.375 2.000
dcp  21.696 -3.429 12.375 2.500
dcp  22.446 -2.679 13.375 1.500
dcp  24.196 -2.179 15.375 1.500
dcp  26.196 -0.929 16.625 2.500
dcp  24.696 0.071 18.625 1.000
dcp  24.446 1.571 20.625 2.000
dcp  26.696 1.821 23.125 0.500
bp   27.946 3.821 25.875 2.000
dcp  28.196 2.821 25.875 0.500
dcp  29.446 1.571 27.875 1.000
dcp  30.946 0.571 28.375 0.500
dcp  32.946 -0.679 30.625 1.000
dcp  38.446 -1.679 30.375 1.000
dcp  41.446 -2.929 31.875 1.000
dcp  43.196 -4.429 32.125 0.500
dcp  46.196 -6.429 33.625 1.000
dcp  49.446 -7.179 35.125 1.000
dcp  52.446 -7.679 36.625 0.500
dcp  56.196 -8.929 37.125 1.000
dcp  59.196 -9.429 37.625 0.500
bp   61.696 -9.179 38.375 0.500
dcp  62.696 -8.929 39.625 0.500
dcp  64.446 -9.179 40.375 0.500
dcp  66.196 -7.929 41.125 1.000
dcp  69.446 -9.179 42.375 1.000
dcp  71.446 -8.929 43.125 1.000
dcp  73.446 -8.179 43.875 0.500
dcp  77.446 -9.679 44.125 1.000
dcp  80.696 -9.929 45.625 0.500
dcp  85.946 -9.929 46.875 1.000
dcp  89.696 -10.179 47.625 0.750
dcp  92.946 -9.429 49.375 1.500
dcp  95.196 -8.429 49.375 0.500
dcp  100.196 -7.929 51.125 0.500
dcp  103.946 -7.679 53.875 1.000
dcp  104.946 -7.929 53.125 1.000
dcp  108.446 -7.679 54.125 1.000
dcp  111.446 -7.429 54.125 1.000
dcp  116.196 -7.429 54.125 0.500
dcp  120.446 -5.929 55.625 0.500
dcp  123.446 -6.179 57.375 1.000
dcp  125.446 -5.429 59.625 0.500
dcp  132.446 -3.179 66.375 0.500
dcp  134.196 -1.679 67.875 0.500
ne   136.696 1.321 69.125 0.500
dcp  61.196 -9.929 40.625 0.500
dcp  62.196 -10.429 43.375 0.500
dcp  63.946 -11.429 46.125 0.500
dcp  64.446 -12.679 47.625 0.500
dcp  66.946 -13.679 51.625 0.750
dcp  68.446 -14.179 54.625 1.000
dcp  71.696 -14.429 55.625 0.500
dcp  73.196 -15.179 59.625 0.500
dcp  73.696 -19.179 63.875 0.500
dcp  71.446 -21.179 65.375 0.500
dcp  69.446 -23.929 67.625 0.500
dcp  66.446 -25.929 71.875 1.000
dcp  66.446 -26.929 73.875 0.500
dcp  66.446 -28.429 74.875 0.500
dcp  67.696 -32.429 79.875 1.000
ne   67.946 -33.429 80.875 0.500
dcp  27.946 4.321 26.625 1.750
dcp  28.196 6.321 27.125 1.000
dcp  28.696 7.821 27.375 0.500
bp   28.696 8.821 28.375 1.500
dcp  29.446 9.321 29.125 0.750
dcp  30.696 10.071 28.875 1.000
dcp  31.446 12.321 29.375 1.000
dcp  32.196 13.821 31.375 0.500
dcp  34.946 16.571 32.875 0.500
dcp  36.446 20.321 33.125 0.500
dcp  37.946 22.071 34.375 0.500
dcp  39.696 24.571 35.375 0.500
dcp  40.946 27.321 36.625 0.500
dcp  42.696 29.321 37.875 0.500
dcp  44.446 31.821 39.125 0.750
dcp  45.446 36.321 40.125 0.500
dcp  47.196 39.821 42.375 0.500
dcp  47.946 42.571 43.125 0.500
dcp  48.446 45.571 46.375 0.500
dcp  49.946 49.321 47.625 1.500
dcp  51.446 50.821 48.625 0.500
dcp  53.696 52.071 50.375 1.000
dcp  56.946 53.571 50.875 1.000
dcp  59.446 53.821 53.625 1.000
dcp  64.446 56.571 55.125 0.750
dcp  68.196 57.571 57.125 1.000
dcp  71.946 59.071 59.375 1.000
dcp  74.446 59.321 59.125 1.000
dcp  76.946 60.321 59.625 0.500
dcp  80.446 61.821 61.375 0.500
dcp  82.446 63.571 64.875 0.500
dcp  83.696 65.321 65.875 0.500
dcp  85.696 67.821 67.375 1.000
dcp  88.446 69.821 69.625 0.500
dcp  91.446 72.571 71.375 0.500
dcp  93.946 73.821 73.875 0.500
dcp  97.196 74.321 74.875 0.500
ne   97.946 74.571 78.375 0.500
dcp  28.196 8.821 29.375 0.500
dcp  26.696 11.571 31.125 0.500
dcp  26.196 13.321 32.875 0.500
dcp  22.696 15.071 35.625 0.500
dcp  20.196 15.571 37.375 1.000
dcp  16.196 17.321 40.625 0.500
dcp  13.696 18.571 45.125 0.250
dcp  9.946 18.571 47.375 1.000
dcp  5.696 19.071 48.125 0.500
dcp  -0.054 18.321 50.625 0.750
dcp  -2.804 17.821 53.125 1.000
dcp  -5.054 19.071 54.375 0.500
dcp  -9.054 20.071 56.125 0.500
dcp  -11.304 19.071 60.375 1.000
dcp  -12.804 18.821 62.625 1.000
dcp  -16.054 20.071 65.875 1.000
dcp  -18.054 19.321 68.625 0.500
dcp  -18.804 18.821 70.625 1.000
dcp  -19.304 16.571 72.375 0.500
dcp  -20.304 14.571 73.875 0.500
ne   -21.304 10.571 78.375 0.500
dcp  19.946 -6.179 10.875 2.000
dcp  21.946 -8.929 11.125 2.000
dcp  23.196 -11.929 12.875 1.750
dcp  26.696 -15.429 13.375 1.500
bp   26.696 -17.179 14.875 2.000
dcp  27.946 -17.429 15.375 1.000
dcp  30.196 -18.429 15.375 1.000
dcp  35.446 -19.929 16.375 1.000
dcp  39.696 -19.929 17.375 1.000
dcp  44.446 -21.179 17.125 1.500
dcp  47.946 -21.179 18.375 1.500
dcp  48.946 -20.179 20.375 1.000
dcp  52.696 -18.929 22.125 0.500
dcp  54.946 -19.429 22.125 1.500
dcp  56.946 -20.429 24.125 1.000
dcp  60.446 -19.929 25.625 1.000
dcp  63.446 -20.679 26.125 1.000
dcp  64.946 -21.179 26.125 1.000
dcp  67.696 -21.679 26.625 0.500
dcp  71.196 -22.929 27.375 1.000
dcp  73.446 -23.429 27.125 0.750
dcp  75.446 -23.429 27.625 0.500
bp   79.446 -24.679 27.875 1.000
dcp  80.946 -23.929 29.625 1.000
dcp  83.446 -23.679 29.875 1.000
dcp  85.196 -24.679 30.875 0.500
dcp  86.946 -24.679 32.625 0.500
dcp  89.946 -23.679 33.625 1.000
dcp  91.696 -23.929 35.375 0.500
dcp  92.946 -24.929 34.875 1.000
dcp  95.196 -27.179 35.125 1.000
dcp  98.446 -27.429 36.125 0.500
dcp  102.196 -28.929 37.875 0.500
dcp  106.196 -29.429 38.625 0.500
dcp  107.696 -30.929 40.875 1.000
dcp  108.946 -31.679 40.125 0.500
dcp  111.196 -31.679 42.375 0.500
dcp  114.696 -32.679 42.375 0.500
dcp  115.946 -34.179 42.625 0.500
dcp  116.946 -32.929 42.625 1.000
dcp  118.946 -34.679 44.625 0.500
dcp  121.196 -34.929 45.875 1.000
dcp  125.946 -36.179 47.875 1.000
dcp  126.696 -36.429 50.625 0.500
dcp  128.946 -38.679 52.875 0.500
dcp  130.696 -39.679 54.625 1.000
dcp  132.696 -40.179 56.375 0.500
dcp  134.446 -39.679 57.125 0.500
dcp  136.196 -37.929 57.875 0.500
dcp  137.696 -35.929 57.375 0.500
dcp  137.446 -33.929 56.625 0.500
dcp  136.696 -31.929 55.875 0.500
dcp  135.946 -30.429 55.875 0.500
dcp  135.446 -28.179 55.375 0.500
dcp  135.696 -26.179 54.625 1.000
dcp  135.946 -23.929 53.875 0.500
dcp  137.196 -21.429 52.875 0.500
dcp  138.446 -19.679 52.375 0.500
ne   140.446 -20.929 52.875 0.500
dcp  80.446 -24.679 28.625 1.000
dcp  81.946 -25.179 27.875 0.500
dcp  85.946 -27.429 28.625 0.500
dcp  88.696 -29.679 28.875 0.500
dcp  91.696 -30.429 27.875 1.000
dcp  94.946 -34.179 28.625 1.000
dcp  98.196 -37.429 29.125 1.000
dcp  102.196 -37.929 30.375 0.500
dcp  103.196 -40.429 30.625 1.000
dcp  105.446 -41.679 31.625 0.500
dcp  108.946 -42.929 32.125 1.000
dcp  111.446 -44.679 33.125 0.500
dcp  115.946 -45.679 33.375 0.500
dcp  119.196 -45.679 35.875 1.000
dcp  123.446 -45.929 35.875 0.500
dcp  126.946 -45.929 35.375 0.500
dcp  130.196 -47.179 33.875 0.500
dcp  134.446 -48.679 33.375 0.500
dcp  136.946 -49.929 31.375 0.500
dcp  139.946 -51.679 31.125 1.000
dcp  143.446 -53.429 29.125 0.500
dcp  144.696 -55.929 27.875 0.500
dcp  146.446 -59.679 26.875 0.500
dcp  145.946 -61.179 25.875 1.000
dcp  146.946 -63.679 26.125 0.500
dcp  148.696 -67.429 26.625 0.500
dcp  150.696 -71.179 27.375 0.500
dcp  151.946 -72.679 25.875 0.500
dcp  153.946 -73.929 25.625 0.500
ne   152.696 -75.179 24.625 0.500
dcp  26.946 -17.929 14.875 1.000
dcp  27.696 -20.429 14.625 0.500
dcp  28.196 -22.929 14.375 1.500
dcp  30.696 -27.429 17.375 1.500
dcp  32.196 -32.429 17.875 2.500
dcp  31.196 -35.429 19.875 1.000
dcp  32.196 -37.929 20.625 0.500
dcp  32.446 -39.429 21.875 0.500
bp   32.946 -40.929 21.375 1.000
dcp  33.196 -43.429 24.125 1.000
dcp  33.196 -44.929 25.125 1.000
bp   33.446 -47.429 26.125 1.000
dcp  32.696 -48.679 28.625 1.000
dcp  31.696 -51.679 28.625 0.500
bp   31.446 -53.179 29.875 1.000
dcp  30.696 -54.179 29.375 1.000
dcp  29.946 -54.679 30.625 0.500
dcp  29.196 -56.929 32.625 0.500
dcp  29.196 -58.429 32.875 0.500
dcp  29.446 -59.929 34.875 0.500
dcp  28.946 -61.179 37.875 0.500
dcp  27.446 -62.929 40.625 1.000
dcp  25.946 -64.179 43.125 0.500
dcp  24.946 -65.179 45.125 0.500
dcp  22.446 -66.679 48.125 1.000
dcp  20.196 -67.679 49.875 1.000
dcp  18.946 -69.929 53.125 0.500
dcp  18.696 -73.929 53.625 0.500
dcp  18.446 -76.429 56.875 0.500
dcp  19.446 -79.429 57.375 0.500
dcp  19.446 -80.929 57.125 0.500
dcp  19.696 -82.929 58.125 0.500
dcp  19.446 -84.929 59.125 1.000
dcp  17.696 -87.679 61.875 0.500
dcp  17.446 -90.179 64.875 0.500
dcp  16.696 -93.679 69.125 0.500
dcp  14.696 -95.929 71.125 1.000
dcp  11.196 -97.429 73.125 0.500
dcp  8.446 -98.179 75.625 1.000
ne   3.446 -100.679 76.875 0.500
dcp  31.946 -53.679 29.875 1.000
dcp  31.696 -54.429 32.125 0.500
dcp  33.196 -56.429 33.375 0.500
dcp  34.446 -58.929 36.125 0.500
dcp  34.446 -60.429 38.125 0.500
dcp  35.446 -64.179 43.625 0.500
dcp  34.696 -66.929 45.125 0.500
dcp  34.446 -68.429 46.625 0.500
dcp  32.446 -71.429 49.875 3.250
dcp  30.196 -74.179 51.875 0.500
dcp  27.946 -74.429 55.125 0.750
dcp  25.696 -75.179 58.375 1.000
dcp  22.696 -78.679 62.625 0.500
dcp  21.196 -81.679 64.875 0.500
dcp  20.196 -82.929 67.875 0.500
dcp  20.946 -84.429 70.625 0.500
dcp  22.696 -86.679 73.125 0.500
ne   26.946 -90.179 77.375 0.500
dcp  33.946 -47.929 27.125 1.500
dcp  36.446 -50.179 27.875 0.500
dcp  37.946 -52.179 31.375 0.500
dcp  40.696 -53.429 32.125 0.500
dcp  44.946 -53.679 34.625 1.000
dcp  47.196 -54.929 36.375 0.500
dcp  49.446 -57.679 38.375 0.750
dcp  52.696 -59.929 41.125 0.500
dcp  54.446 -61.929 42.375 1.000
dcp  57.446 -62.429 45.125 0.500
dcp  58.446 -63.929 48.125 1.000
dcp  59.196 -65.929 48.625 0.500
dcp  62.196 -66.929 50.875 0.500
dcp  64.446 -68.429 52.125 0.500
dcp  69.446 -70.179 53.625 0.500
dcp  72.946 -73.929 57.875 0.500
dcp  74.946 -75.179 58.375 0.500
dcp  77.446 -75.679 60.375 1.000
dcp  80.946 -78.679 59.625 1.000
dcp  83.696 -80.429 60.125 0.500
dcp  86.196 -81.179 61.375 1.000
dcp  89.196 -81.929 61.875 1.000
dcp  93.946 -81.929 63.125 0.500
dcp  96.446 -81.679 64.875 0.500
dcp  100.196 -84.429 65.875 0.500
dcp  103.946 -87.679 68.875 0.500
dcp  106.946 -87.429 68.375 0.500
ne   108.446 -88.179 70.125 1.000
dcp  32.696 -41.929 20.375 0.500
dcp  33.946 -44.679 20.375 0.500
dcp  35.946 -50.179 20.375 0.500
dcp  37.446 -53.429 20.625 0.500
dcp  38.446 -59.929 21.375 0.500
dcp  39.446 -64.429 22.875 0.500
dcp  40.196 -67.679 23.125 0.500
dcp  42.696 -73.179 25.375 1.000
dcp  45.696 -75.679 25.125 1.000
dcp  49.946 -77.929 24.875 0.500
dcp  54.696 -81.929 22.375 0.500
dcp  55.446 -83.929 22.375 0.500
dcp  59.446 -86.429 22.375 1.000
dcp  64.446 -88.429 21.875 1.000
dcp  69.946 -90.429 21.875 1.000
dcp  72.196 -91.679 21.375 1.000
dcp  73.446 -92.679 19.375 0.500
dcp  75.696 -93.429 18.875 1.000
dcp  77.446 -94.179 18.875 0.500
dcp  79.446 -94.429 17.375 0.250
dcp  80.196 -94.429 17.375 0.500
dcp  81.946 -94.929 17.375 1.000
dcp  84.196 -96.429 17.375 0.500
dcp  85.696 -98.429 16.375 0.500
dcp  87.696 -99.429 15.875 0.500
dcp  89.446 -99.929 16.375 1.000
dcp  91.946 -99.929 15.375 1.000
dcp  94.696 -100.429 15.375 0.500
dcp  97.446 -101.429 14.625 1.000
dcp  100.196 -103.429 12.875 0.500
dcp  102.696 -104.929 13.375 0.500
dcp  106.696 -105.929 12.125 0.500
dcp  108.696 -107.429 11.875 0.500
dcp  110.196 -109.929 10.875 0.500
dcp  113.696 -112.429 9.125 0.500
dcp  117.696 -114.929 8.125 0.500
dcp  121.446 -116.929 7.375 1.000
dcp  125.946 -117.679 6.625 0.500
dcp  128.696 -119.429 6.125 0.500
ne   132.696 -121.429 4.625 0.500
mto  -2.804 -4.429 -2.375 4.750
dcp  -6.554 -5.429 -2.375 2.250
dcp  -9.554 -7.179 -2.375 2.500
dcp  -12.054 -8.679 -3.875 2.500
dcp  -16.554 -10.179 -3.375 2.500
dcp  -19.054 -10.679 -4.375 1.500
dcp  -22.054 -10.679 -4.875 1.500
bp   -24.054 -11.179 -5.875 2.500
dcp  -24.054 -10.179 -5.375 0.500
dcp  -31.054 -9.679 -4.125 1.500
dcp  -34.054 -9.429 -3.875 2.000
dcp  -39.554 -8.179 -3.875 1.500
dcp  -41.054 -8.179 -3.625 1.500
dcp  -45.804 -7.429 -3.625 2.000
bp   -48.554 -6.679 -4.375 1.500
dcp  -48.804 -5.429 -3.125 1.000
dcp  -53.054 -3.929 -1.625 1.000
dcp  -56.554 -3.929 1.375 1.000
dcp  -58.554 -2.929 2.625 1.000
dcp  -61.054 -2.929 4.375 1.000
dcp  -61.554 -1.429 5.625 1.000
dcp  -64.554 -2.179 6.625 0.500
dcp  -64.554 0.071 8.875 1.000
dcp  -66.054 1.571 9.625 1.000
dcp  -67.304 3.571 13.375 1.750
dcp  -68.054 3.321 14.125 1.000
dcp  -73.554 5.321 16.125 0.500
dcp  -74.554 5.071 17.625 0.500
dcp  -77.304 5.821 20.625 1.000
dcp  -79.054 5.071 23.125 0.500
dcp  -81.804 5.321 25.125 1.000
dcp  -84.804 5.071 25.625 1.000
dcp  -88.304 6.321 26.625 0.500
dcp  -91.054 6.321 27.625 0.500
dcp  -93.554 8.321 28.875 0.500
dcp  -95.804 9.071 29.625 1.000
dcp  -98.304 10.321 29.625 1.000
dcp  -101.804 11.321 30.375 0.500
dcp  -104.804 11.571 32.375 0.500
dcp  -107.554 12.321 34.625 0.500
dcp  -110.804 14.071 34.875 1.000
dcp  -113.804 16.321 38.375 0.500
dcp  -116.554 15.821 40.875 0.500
dcp  -119.054 14.821 45.125 1.000
dcp  -122.304 11.821 52.125 1.000
ne   -122.304 12.071 53.375 0.500
dcp  -48.554 -6.429 -3.875 1.000
dcp  -52.054 -5.429 -5.375 1.000
dcp  -55.804 -6.929 -6.375 1.000
dcp  -58.554 -7.929 -7.625 1.000
dcp  -61.054 -8.679 -7.875 0.500
dcp  -63.054 -9.429 -7.875 1.000
dcp  -65.804 -10.929 -7.875 1.750
dcp  -68.304 -10.929 -7.875 1.000
dcp  -71.054 -12.679 -7.875 0.500
dcp  -73.304 -14.179 -8.375 0.750
dcp  -76.304 -15.929 -9.125 1.000
dcp  -79.054 -18.429 -8.875 1.000
dcp  -80.554 -20.429 -9.375 1.000
dcp  -82.554 -23.179 -8.875 1.000
dcp  -85.554 -24.179 -8.375 1.750
dcp  -88.054 -27.929 -8.375 2.250
dcp  -89.804 -29.929 -8.375 0.500
dcp  -90.554 -32.429 -7.875 1.000
dcp  -91.304 -34.429 -8.625 1.000
dcp  -92.804 -37.429 -8.875 1.500
dcp  -93.554 -38.929 -8.375 1.000
dcp  -93.554 -42.929 -8.375 2.000
dcp  -95.554 -46.429 -9.875 1.000
dcp  -97.804 -47.429 -9.625 1.000
dcp  -99.804 -49.679 -10.875 0.750
dcp  -101.304 -52.179 -10.375 0.750
dcp  -102.304 -53.929 -11.125 1.000
dcp  -105.054 -54.929 -10.625 1.000
dcp  -107.304 -55.929 -11.375 0.500
dcp  -111.304 -59.929 -9.625 0.500
dcp  -113.554 -60.929 -9.125 1.000
dcp  -115.304 -62.929 -9.375 1.500
ne   -119.554 -64.179 -7.875 0.500
dcp  -24.054 -11.929 -4.375 1.000
dcp  -27.804 -12.179 -7.875 1.500
dcp  -30.554 -14.179 -8.875 1.000
dcp  -31.804 -15.929 -10.625 1.000
dcp  -33.054 -16.929 -12.875 2.000
dcp  -34.054 -19.429 -14.875 3.000
dcp  -34.554 -20.429 -14.125 1.000
bp   -34.804 -22.179 -16.625 2.500
dcp  -36.054 -22.679 -17.375 1.500
dcp  -38.554 -23.929 -18.875 1.500
dcp  -38.304 -25.429 -19.625 1.750
dcp  -40.054 -25.429 -21.125 1.000
dcp  -41.554 -27.179 -23.625 1.000
dcp  -42.804 -28.929 -28.125 1.500
dcp  -43.054 -29.429 -33.125 1.000
bp   -44.054 -29.429 -38.875 1.000
dcp  -42.554 -28.679 -39.625 2.000
dcp  -44.054 -27.929 -42.375 1.000
dcp  -45.554 -26.429 -43.625 1.000
dcp  -47.304 -26.429 -45.625 1.000
dcp  -48.804 -27.679 -47.625 1.500
dcp  -49.804 -28.679 -50.875 1.000
dcp  -50.554 -27.929 -52.375 1.000
dcp  -50.054 -27.679 -56.375 1.500
dcp  -51.304 -27.929 -52.375 0.500
dcp  -50.554 -25.929 -61.125 1.000
dcp  -50.554 -27.429 -66.375 1.000
dcp  -51.304 -26.679 -69.625 0.500
dcp  -52.054 -26.179 -72.125 0.500
dcp  -53.054 -26.429 -73.625 0.750
dcp  -53.804 -24.929 -73.875 0.500
dcp  -55.804 -25.929 -76.125 0.500
dcp  -56.804 -26.429 -76.875 1.000
dcp  -57.054 -26.179 -79.625 0.750
dcp  -58.054 -27.679 -81.125 0.500
dcp  -59.554 -26.929 -83.125 1.000
dcp  -60.304 -26.179 -84.875 0.500
dcp  -60.804 -23.679 -86.375 0.500
dcp  -60.554 -22.679 -87.625 0.500
dcp  -61.304 -20.429 -88.875 0.500
ne   -60.804 -18.179 -90.375 0.500
dcp  -41.804 -29.429 -38.125 1.000
dcp  -41.554 -32.429 -40.125 1.000
dcp  -41.554 -32.929 -42.625 1.000
dcp  -41.554 -33.929 -43.625 2.000
dcp  -42.554 -34.429 -44.125 1.000
dcp  -44.804 -37.179 -46.125 1.500
dcp  -46.304 -38.179 -47.625 0.500
dcp  -47.304 -40.429 -50.625 1.000
dcp  -47.554 -40.679 -53.125 0.500
dcp  -48.304 -41.679 -55.375 0.500
dcp  -49.054 -41.679 -57.125 0.500
dcp  -49.804 -41.929 -58.625 0.500
dcp  -50.554 -42.179 -61.125 1.000
dcp  -51.054 -44.179 -63.375 1.000
dcp  -51.554 -45.679 -65.625 0.500
dcp  -52.804 -47.929 -66.625 1.000
dcp  -53.554 -49.429 -67.375 1.000
dcp  -54.554 -51.429 -68.625 0.750
dcp  -55.804 -52.429 -69.125 0.500
dcp  -55.554 -54.179 -71.125 0.500
dcp  -56.554 -57.929 -72.125 1.000
dcp  -54.804 -60.929 -73.875 0.500
dcp  -55.304 -62.179 -74.625 1.000
dcp  -54.554 -64.429 -76.875 0.500
dcp  -53.804 -66.679 -77.875 0.500
dcp  -52.304 -68.929 -80.625 0.500
dcp  -51.554 -70.929 -82.125 0.750
dcp  -49.054 -72.929 -83.875 1.000
dcp  -48.804 -75.179 -85.875 0.500
dcp  -50.054 -76.429 -88.875 0.500
dcp  -50.304 -77.929 -88.375 0.500
dcp  -50.554 -78.929 -88.875 0.500
dcp  -52.304 -81.179 -90.625 0.500
dcp  -52.804 -82.429 -90.125 1.000
dcp  -53.804 -84.929 -91.875 1.000
dcp  -54.304 -86.179 -92.375 1.500
dcp  -53.804 -87.929 -93.375 1.000
ne   -56.054 -90.179 -93.875 0.500
dcp  -34.304 -22.429 -17.125 1.500
dcp  -34.304 -24.929 -16.875 1.500
dcp  -34.554 -28.429 -17.125 1.000
dcp  -34.054 -32.429 -17.125 2.000
bp   -35.054 -34.929 -18.375 3.000
dcp  -34.804 -36.429 -17.125 2.500
dcp  -33.804 -37.929 -18.375 1.500
dcp  -34.554 -40.429 -16.875 0.250
dcp  -34.304 -41.929 -17.125 0.500
dcp  -35.304 -46.929 -16.875 1.500
dcp  -35.304 -50.929 -17.625 1.500
dcp  -35.054 -57.429 -17.625 0.250
dcp  -35.304 -58.929 -16.375 0.500
dcp  -34.554 -62.929 -16.375 2.000
dcp  -34.054 -66.929 -16.625 1.000
dcp  -33.304 -70.929 -15.875 0.500
dcp  -32.804 -74.929 -16.875 1.500
dcp  -33.554 -80.929 -17.375 2.000
dcp  -33.054 -82.929 -17.375 2.000
dcp  -33.804 -87.429 -17.125 2.500
dcp  -33.304 -90.429 -16.375 1.500
dcp  -33.054 -93.429 -17.375 2.000
dcp  -32.304 -96.429 -15.625 1.750
dcp  -31.304 -101.929 -14.625 0.500
dcp  -29.054 -105.929 -14.375 1.000
dcp  -27.304 -108.429 -13.125 1.000
dcp  -25.304 -109.929 -13.125 0.500
dcp  -21.054 -114.429 -10.375 1.000
dcp  -17.554 -117.929 -9.625 1.000
dcp  -11.804 -121.929 -7.625 0.500
dcp  -9.554 -125.929 -5.625 1.000
dcp  -7.054 -130.929 -2.625 1.000
ne   -6.054 -135.429 1.625 1.000
dcp  -37.054 -35.929 -16.875 1.500
dcp  -37.304 -37.929 -16.875 2.500
dcp  -40.054 -41.679 -17.375 1.000
dcp  -40.804 -45.679 -17.375 1.500
dcp  -41.304 -46.929 -17.375 1.500
dcp  -42.054 -50.929 -17.625 1.000
dcp  -44.304 -52.929 -17.625 1.750
dcp  -44.804 -53.929 -17.625 1.500
dcp  -46.554 -55.429 -17.875 1.000
dcp  -49.304 -58.429 -17.625 1.000
dcp  -50.054 -59.929 -18.375 1.000
dcp  -50.804 -61.929 -18.125 1.000
bp   -52.304 -63.429 -18.875 1.750
dcp  -54.554 -63.429 -19.375 1.000
dcp  -56.304 -63.929 -18.375 0.500
dcp  -59.554 -64.179 -18.625 0.500
dcp  -62.554 -64.179 -18.375 0.500
dcp  -67.304 -63.429 -16.375 1.000
dcp  -69.554 -61.929 -16.125 1.000
dcp  -73.054 -60.929 -14.875 1.000
dcp  -76.054 -60.929 -13.625 1.000
dcp  -79.054 -60.929 -12.375 1.000
dcp  -81.554 -61.929 -11.875 1.000
dcp  -84.054 -63.429 -10.875 1.000
dcp  -87.554 -64.179 -9.625 0.500
dcp  -91.054 -65.429 -9.125 0.250
dcp  -95.054 -66.929 -8.875 1.000
dcp  -98.554 -68.429 -8.375 1.000
dcp  -102.554 -70.679 -8.375 0.500
dcp  -105.554 -71.429 -7.875 1.000
dcp  -108.804 -72.429 -7.375 0.500
dcp  -112.554 -73.929 -6.875 1.000
dcp  -117.054 -75.429 -6.375 1.000
ne   -119.054 -76.929 -6.125 1.000
dcp  -52.054 -63.679 -19.625 1.000
dcp  -54.054 -66.429 -20.875 1.000
dcp  -53.554 -68.429 -21.125 1.000
dcp  -52.804 -70.929 -22.125 1.500
dcp  -53.054 -73.429 -22.875 1.000
dcp  -52.054 -75.929 -23.125 1.000
dcp  -52.304 -77.429 -22.625 0.500
dcp  -52.804 -81.429 -24.125 1.500
dcp  -51.804 -86.429 -25.125 1.500
dcp  -52.304 -87.929 -24.875 1.500
dcp  -52.054 -90.429 -26.125 1.000
dcp  -52.054 -92.929 -26.125 0.250
dcp  -50.554 -98.429 -26.125 0.250
dcp  -50.804 -100.929 -26.125 0.500
dcp  -51.054 -103.929 -26.625 1.000
dcp  -51.554 -104.929 -27.375 1.000
dcp  -50.804 -107.929 -27.125 0.500
dcp  -49.804 -110.429 -26.875 0.500
dcp  -50.804 -112.929 -28.125 0.500
dcp  -50.054 -115.429 -28.125 1.000
dcp  -50.304 -117.929 -28.625 0.500
dcp  -51.304 -120.429 -29.625 0.500
ne   -52.054 -122.429 -29.625 1.000
mto  8.946 -5.679 2.375 3.500
dcp  11.446 -6.179 1.125 2.750
dcp  13.196 -7.429 -1.625 3.250
dcp  14.946 -8.679 -1.625 2.750
dcp  17.696 -10.179 -2.625 1.500
dcp  20.196 -11.929 -3.375 1.750
dcp  22.946 -13.179 -4.375 1.750
dcp  25.696 -14.929 -6.125 1.750
dcp  27.946 -15.929 -6.875 1.500
bp   29.196 -17.679 -7.375 1.500
dcp  29.696 -17.429 -7.875 1.000
dcp  30.446 -17.179 -10.375 1.500
dcp  32.696 -18.179 -13.625 1.500
dcp  30.696 -17.929 -16.875 1.500
dcp  33.196 -19.429 -21.375 1.500
dcp  32.946 -19.429 -24.625 2.000
dcp  35.196 -19.929 -28.625 1.000
dcp  37.446 -20.179 -30.375 1.500
bp   37.446 -20.679 -30.125 0.500
dcp  41.446 -11.429 -30.375 0.250
dcp  45.946 -10.929 -37.125 1.000
dcp  47.946 -9.429 -39.125 1.000
dcp  48.696 -6.429 -41.125 1.000
dcp  51.196 -5.179 -42.125 0.500
dcp  53.946 -3.429 -44.125 1.000
dcp  55.946 -1.679 -44.125 0.500
dcp  57.696 0.071 -44.875 1.000
dcp  59.696 1.321 -45.375 0.500
dcp  61.196 3.571 -45.625 0.500
dcp  62.446 5.071 -46.625 0.750
dcp  64.946 5.321 -47.625 1.000
dcp  66.696 6.071 -48.125 1.000
dcp  68.196 6.821 -49.875 0.500
dcp  70.696 7.821 -50.625 1.500
dcp  72.446 9.071 -52.875 1.000
dcp  74.946 10.571 -55.625 1.000
dcp  76.446 11.821 -56.625 0.500
dcp  77.446 15.321 -58.625 0.500
dcp  79.446 17.321 -59.375 0.500
dcp  80.946 19.071 -62.125 1.000
dcp  82.946 20.321 -63.625 1.000
dcp  85.196 22.321 -65.625 0.500
dcp  87.446 23.571 -66.625 1.000
dcp  90.696 24.071 -67.875 0.500
dcp  91.946 25.821 -68.625 1.000
dcp  94.196 24.571 -70.375 0.500
dcp  94.946 26.821 -72.625 0.250
dcp  95.696 27.571 -76.875 1.000
dcp  96.446 27.071 -79.375 0.500
ne   98.446 27.571 -81.875 0.500
dcp  38.696 -21.679 -32.875 2.000
dcp  40.946 -23.929 -35.875 1.500
dcp  43.446 -26.429 -39.125 1.000
dcp  42.696 -28.179 -41.125 1.000
dcp  43.696 -30.429 -42.125 0.500
dcp  44.696 -33.429 -44.625 0.750
dcp  44.946 -34.679 -46.625 0.500
dcp  45.196 -34.679 -48.875 1.000
dcp  45.946 -34.929 -52.625 1.500
dcp  47.696 -35.679 -58.125 1.000
dcp  49.446 -36.679 -61.125 1.000
dcp  51.196 -36.429 -64.625 1.000
dcp  52.196 -37.429 -67.625 0.750
dcp  53.196 -38.179 -72.375 1.000
dcp  55.696 -38.679 -74.125 1.000
dcp  57.696 -39.179 -76.375 1.000
dcp  59.946 -39.429 -78.125 1.000
dcp  61.446 -40.429 -79.625 0.500
dcp  63.196 -41.679 -80.625 1.000
dcp  64.446 -41.929 -82.625 1.000
dcp  66.696 -42.179 -85.375 1.000
dcp  67.696 -43.429 -87.625 1.000
dcp  69.696 -44.929 -90.375 1.000
dcp  70.696 -47.179 -93.375 0.500
dcp  70.696 -48.179 -95.375 1.500
dcp  71.946 -49.679 -97.375 1.000
dcp  72.696 -51.929 -100.875 0.500
dcp  73.446 -54.679 -102.125 1.000
dcp  72.696 -56.429 -103.375 0.500
dcp  70.696 -58.429 -104.875 0.750
dcp  68.696 -59.429 -105.375 1.000
dcp  67.196 -61.179 -106.375 1.500
dcp  65.696 -62.179 -107.125 1.000
dcp  63.446 -61.179 -107.375 0.500
dcp  62.196 -61.929 -108.625 0.500
dcp  61.696 -62.679 -109.375 0.500
dcp  59.696 -63.929 -112.125 0.500
dcp  59.946 -64.929 -113.875 1.000
dcp  60.946 -67.179 -114.625 1.000
dcp  61.946 -68.929 -116.625 0.250
dcp  62.946 -70.179 -119.875 0.500
dcp  64.696 -73.179 -120.375 0.250
dcp  65.696 -72.929 -122.625 1.000
dcp  67.446 -73.679 -124.625 0.500
ne   69.946 -74.929 -125.875 1.000
dcp  28.196 -17.929 -7.875 1.500
dcp  29.946 -20.429 -8.125 1.000
dcp  29.696 -22.179 -7.875 1.500
dcp  31.696 -24.429 -8.375 1.500
dcp  33.946 -28.929 -8.875 0.250
bp   34.946 -31.679 -10.375 4.250
dcp  34.446 -32.679 -10.875 2.000
dcp  34.446 -34.929 -13.125 2.000
dcp  34.696 -37.429 -13.625 1.500
dcp  34.196 -39.429 -14.125 1.500
dcp  34.946 -41.929 -14.625 2.000
dcp  36.196 -45.429 -15.375 0.500
dcp  36.446 -47.429 -16.375 2.000
dcp  37.946 -50.929 -18.875 0.250
dcp  37.196 -52.429 -19.625 1.500
bp   39.196 -54.429 -22.125 1.750
dcp  38.446 -55.429 -22.875 2.250
dcp  38.196 -57.679 -26.125 1.500
dcp  37.946 -59.929 -27.875 2.000
dcp  37.196 -62.179 -29.625 1.500
dcp  35.946 -63.929 -32.375 1.000
dcp  36.196 -65.429 -34.125 2.500
dcp  35.946 -67.929 -36.125 1.000
dcp  34.696 -70.929 -40.125 1.500
dcp  31.196 -69.929 -42.125 0.250
dcp  30.696 -72.429 -42.125 1.000
dcp  29.696 -73.679 -44.625 1.500
dcp  29.446 -76.179 -46.625 1.000
dcp  27.446 -77.179 -48.125 1.000
dcp  26.196 -79.179 -48.625 0.500
dcp  24.696 -81.929 -50.625 0.500
dcp  24.196 -83.179 -51.875 0.500
dcp  22.946 -84.679 -52.125 1.000
dcp  21.446 -86.679 -52.625 0.500
dcp  20.696 -87.679 -54.875 0.500
dcp  20.946 -89.429 -54.375 1.000
dcp  20.696 -93.429 -56.125 0.500
dcp  20.446 -94.929 -57.625 0.500
dcp  20.946 -96.929 -59.125 0.500
dcp  20.196 -98.929 -59.375 0.500
dcp  20.196 -101.429 -60.625 0.500
dcp  19.446 -103.429 -63.125 1.000
dcp  17.696 -104.429 -63.875 1.000
dcp  18.196 -106.179 -64.125 0.500
dcp  16.946 -108.679 -67.125 1.000
dcp  15.196 -109.679 -69.125 0.500
dcp  15.196 -111.179 -70.625 0.500
dcp  15.196 -112.179 -70.375 0.500
dcp  15.696 -113.679 -72.625 1.000
dcp  14.946 -117.179 -74.125 1.000
dcp  14.196 -120.179 -75.875 1.500
dcp  13.946 -122.929 -76.625 1.000
dcp  12.446 -123.929 -77.375 0.500
dcp  12.196 -125.429 -78.875 0.500
ne   13.696 -125.679 -81.875 0.500
dcp  39.446 -54.929 -23.625 0.250
dcp  41.196 -56.929 -22.125 1.750
dcp  41.946 -58.929 -22.125 1.000
dcp  43.696 -61.429 -22.875 0.500
dcp  44.696 -64.429 -24.875 1.500
bp   47.696 -66.179 -26.875 2.000
dcp  48.196 -66.179 -26.375 1.500
dcp  49.946 -66.679 -25.625 0.500
dcp  52.946 -67.429 -26.375 1.000
dcp  57.946 -68.679 -26.875 1.500
dcp  61.446 -69.929 -28.375 1.000
dcp  64.946 -70.679 -27.875 0.500
dcp  68.946 -70.679 -28.625 0.500
dcp  71.446 -71.929 -29.875 0.250
dcp  76.446 -72.929 -31.625 1.000
dcp  79.196 -73.929 -32.625 1.000
dcp  84.196 -75.929 -34.375 0.500
dcp  87.946 -77.929 -35.625 1.000
dcp  91.446 -79.429 -35.625 1.000
dcp  95.446 -81.179 -35.625 1.000
dcp  99.946 -83.429 -35.625 1.000
dcp  103.946 -85.179 -36.625 1.000
dcp  107.696 -86.679 -36.375 0.750
dcp  110.696 -90.429 -36.125 1.500
dcp  113.196 -92.929 -37.625 0.500
dcp  117.196 -95.429 -37.625 0.500
dcp  119.696 -97.929 -38.125 1.000
ne   121.446 -98.929 -38.875 1.000
dcp  46.946 -66.929 -25.125 2.000
dcp  49.196 -71.929 -25.125 0.500
dcp  53.696 -75.929 -24.375 0.500
dcp  53.696 -78.929 -24.125 0.500
dcp  54.196 -81.429 -24.125 0.500
dcp  53.446 -84.929 -23.125 1.000
dcp  53.946 -86.929 -23.125 2.000
dcp  54.196 -90.679 -21.625 2.500
dcp  51.946 -95.929 -19.625 0.250
dcp  50.196 -99.429 -18.375 0.500
dcp  48.446 -103.929 -17.875 1.000
dcp  46.696 -107.429 -17.125 1.500
dcp  46.196 -109.929 -17.125 0.500
dcp  46.946 -111.429 -17.125 2.000
dcp  46.946 -112.929 -16.375 2.000
dcp  50.196 -115.429 -15.625 0.500
dcp  52.946 -116.429 -15.125 1.000
dcp  53.946 -117.429 -15.375 1.000
dcp  57.196 -119.429 -14.875 0.500
dcp  58.696 -120.429 -14.875 0.500
dcp  60.696 -121.929 -13.375 0.500
dcp  62.196 -123.429 -12.375 0.500
dcp  65.946 -125.429 -11.375 1.000
dcp  65.946 -126.429 -11.375 1.000
dcp  68.696 -128.929 -11.375 0.500
dcp  70.196 -130.929 -9.375 0.500
dcp  72.196 -132.929 -9.125 0.500
ne   75.196 -135.429 -9.125 0.500
dcp  34.446 -32.179 -9.375 1.000
dcp  35.946 -32.929 -9.375 1.000
dcp  39.446 -35.429 -8.875 1.000
dcp  40.696 -37.429 -9.125 1.000
dcp  43.196 -39.929 -7.375 1.000
dcp  47.446 -42.929 -6.875 1.000
dcp  48.196 -44.429 -5.375 0.500
dcp  49.696 -45.929 -5.125 0.500
dcp  50.946 -47.929 -4.375 1.500
dcp  54.196 -50.429 -3.125 1.000
dcp  57.446 -51.179 -2.875 0.500
dcp  59.946 -53.679 -2.875 0.500
dcp  62.446 -54.429 -2.875 1.500
dcp  65.446 -55.429 -2.375 1.000
dcp  69.446 -56.929 -0.875 1.000
dcp  73.946 -58.429 -0.875 1.000
dcp  78.196 -60.429 0.875 0.500
dcp  80.946 -60.929 1.875 1.000
dcp  83.446 -60.929 2.625 1.000
dcp  86.446 -62.429 3.875 1.000
dcp  88.446 -62.429 5.125 1.000
dcp  90.446 -64.179 6.375 0.500
dcp  93.696 -64.179 6.375 0.750
dcp  96.946 -65.679 8.125 0.500
dcp  99.446 -65.679 12.375 0.500
dcp  102.196 -65.679 12.875 0.750
dcp  102.946 -65.429 16.375 2.000
dcp  103.696 -67.929 21.875 1.500
dcp  103.946 -70.429 23.875 1.000
dcp  105.696 -67.679 25.875 0.500
dcp  106.946 -68.679 27.875 1.000
dcp  108.696 -67.929 29.875 0.500
dcp  108.946 -67.679 32.125 0.500
dcp  110.946 -69.179 33.375 1.000
ne   111.196 -69.679 33.875 1.000
