./cells/86_35_cat/j3586sd_sdt/j3586sd_sdt.txt
3d
mto  1.341 -8.614 -0.841 4.500
dcp  2.591 -11.114 -2.341 2.250
dcp  2.591 -14.614 -2.341 2.000
bp   2.841 -18.614 -1.841 2.500
dcp  1.841 -19.114 -1.841 1.000
dcp  -1.409 -21.614 -3.341 1.000
dcp  -4.659 -23.114 -1.341 1.000
dcp  -9.659 -27.114 -1.591 1.000
dcp  -13.159 -29.614 -2.841 1.000
dcp  -17.659 -32.114 -4.091 1.000
bp   -22.159 -33.364 -6.591 1.500
dcp  -22.659 -33.114 -7.841 0.500
dcp  -22.409 -33.114 -7.841 1.000
dcp  -24.659 -35.364 -10.091 0.750
dcp  -25.909 -38.114 -13.591 1.000
dcp  -26.159 -40.614 -20.091 0.500
dcp  -26.659 -43.614 -22.591 0.500
dcp  -27.659 -45.614 -25.341 1.000
dcp  -29.909 -47.614 -27.841 1.000
dcp  -31.159 -48.614 -29.841 0.500
dcp  -30.909 -48.614 -34.591 1.000
dcp  -33.909 -51.114 -37.841 1.000
dcp  -34.909 -53.864 -43.841 1.000
dcp  -35.659 -56.114 -47.341 1.000
dcp  -36.159 -56.614 -48.091 0.500
dcp  -39.409 -57.364 -50.091 1.000
dcp  -40.909 -56.864 -55.091 0.500
dcp  -40.909 -58.364 -58.591 1.000
dcp  -40.909 -59.614 -64.341 1.000
dcp  -40.909 -60.614 -66.591 0.500
dcp  -42.159 -63.364 -68.841 0.500
dcp  -42.659 -64.614 -69.841 0.500
dcp  -44.409 -66.614 -72.091 1.000
dcp  -46.659 -68.614 -74.841 0.500
dcp  -47.909 -71.114 -74.841 1.000
dcp  -47.659 -74.114 -76.091 0.500
dcp  -49.659 -75.864 -77.841 0.500
dcp  -51.909 -77.614 -79.341 0.500
ne   -52.659 -81.614 -83.091 1.500
dcp  -22.409 -33.114 -6.591 1.000
dcp  -25.659 -34.114 -7.091 0.500
dcp  -30.409 -36.864 -7.091 0.500
dcp  -35.159 -38.114 -8.091 0.500
dcp  -38.409 -40.114 -9.341 1.000
dcp  -42.409 -41.614 -11.091 1.000
dcp  -45.659 -44.114 -12.591 1.000
bp   -48.659 -46.614 -13.591 1.000
dcp  -51.409 -48.114 -13.591 1.000
dcp  -55.909 -48.614 -12.841 0.250
dcp  -59.909 -50.614 -12.091 1.000
dcp  -63.909 -53.114 -10.591 1.000
dcp  -66.409 -53.614 -10.091 1.000
dcp  -71.909 -57.614 -7.841 1.000
dcp  -71.659 -57.864 -8.341 0.750
dcp  -74.409 -59.114 -6.841 1.000
dcp  -78.409 -59.364 -5.341 0.500
dcp  -82.659 -61.614 -3.841 0.500
dcp  -86.659 -63.614 -3.591 0.500
dcp  -91.909 -65.364 -4.091 1.500
dcp  -94.409 -65.864 -4.591 0.500
dcp  -95.159 -66.614 -4.341 1.000
ne   -95.159 -69.614 -4.341 0.500
dcp  -48.659 -47.114 -13.341 1.000
dcp  -51.159 -49.114 -15.091 0.500
dcp  -53.159 -51.614 -16.591 0.500
dcp  -56.159 -52.614 -17.091 0.500
dcp  -59.159 -55.114 -18.091 0.500
dcp  -62.159 -58.114 -19.591 0.500
ne   -63.159 -59.114 -23.841 0.500
dcp  2.841 -19.114 -2.091 1.750
dcp  3.591 -21.364 -2.091 1.000
bp   3.841 -23.364 -1.591 2.000
dcp  3.591 -24.114 -1.841 1.000
dcp  3.341 -25.114 -2.091 0.500
dcp  3.341 -28.114 -1.591 0.500
dcp  3.841 -31.614 -1.841 0.500
dcp  4.091 -34.114 -1.591 1.000
dcp  4.341 -36.114 -1.591 1.750
bp   4.591 -38.114 -0.841 2.000
bp   4.341 -38.114 -3.341 0.500
dcp  4.341 -38.614 -3.841 0.500
dcp  5.091 -40.614 -3.841 1.000
dcp  5.091 -42.114 -5.341 1.000
dcp  4.841 -43.614 -5.341 0.500
dcp  4.341 -47.614 -5.341 0.500
dcp  3.841 -50.114 -6.341 0.500
dcp  3.841 -52.614 -6.091 0.500
dcp  2.591 -55.364 -6.091 1.000
dcp  1.841 -58.114 -6.091 0.500
dcp  0.591 -60.614 -8.091 1.000
dcp  0.091 -64.614 -11.341 1.000
dcp  -0.409 -67.114 -12.591 1.000
dcp  0.591 -71.114 -16.091 1.000
dcp  0.591 -72.614 -17.841 1.000
dcp  0.091 -75.114 -22.091 1.000
dcp  -0.659 -77.864 -23.591 0.750
dcp  -2.159 -79.114 -25.841 0.500
dcp  -2.909 -80.614 -28.591 1.000
dcp  -2.659 -82.614 -30.841 1.000
dcp  1.091 -85.114 -36.091 1.500
dcp  2.841 -87.114 -38.091 0.500
dcp  3.841 -89.614 -38.341 0.500
dcp  4.341 -93.614 -38.841 0.500
ne   5.341 -98.614 -38.841 0.500
dcp  3.841 -37.614 -1.591 1.000
dcp  3.341 -40.114 -0.841 1.000
dcp  2.091 -42.614 -0.841 1.000
dcp  0.841 -45.614 -0.841 1.750
dcp  -0.159 -48.614 -0.591 1.500
bp   -0.409 -51.864 -0.341 2.500
dcp  -0.159 -52.364 0.659 0.750
dcp  -0.659 -55.614 2.159 0.500
dcp  0.841 -59.614 3.159 1.500
dcp  0.841 -63.114 6.659 1.500
dcp  -0.409 -65.614 9.409 1.000
dcp  -0.409 -67.614 10.159 1.000
dcp  -2.409 -69.614 12.159 0.500
dcp  -2.909 -72.114 12.659 0.500
dcp  -1.909 -76.114 14.909 1.000
dcp  -1.909 -79.114 16.659 1.000
dcp  -1.159 -84.114 19.909 1.000
dcp  -1.409 -86.614 21.159 0.500
dcp  0.841 -90.614 23.409 1.500
dcp  -0.409 -94.114 24.659 0.500
dcp  -1.159 -96.114 25.659 1.000
dcp  -2.909 -97.114 26.909 0.500
dcp  -3.909 -98.614 27.159 0.500
dcp  -3.659 -101.114 27.909 0.500
dcp  -5.659 -103.864 28.909 0.500
dcp  -5.909 -106.364 29.909 1.000
dcp  -6.659 -108.864 30.409 1.000
dcp  -7.409 -110.864 30.909 1.500
dcp  -9.909 -114.364 32.909 1.000
dcp  -10.159 -118.614 33.159 1.500
dcp  -11.409 -120.614 32.159 1.000
dcp  -14.659 -122.614 33.159 1.000
dcp  -16.909 -125.364 35.409 0.500
ne   -19.659 -126.864 36.909 0.500
dcp  -1.409 -51.364 -0.841 1.000
dcp  -3.409 -54.114 -1.341 1.000
dcp  -4.659 -56.864 -1.591 0.750
dcp  -5.409 -59.114 -3.591 1.000
dcp  -5.409 -62.114 -6.091 1.000
dcp  -3.409 -63.614 -7.341 1.000
dcp  -3.659 -67.614 -9.091 1.500
bp   -3.909 -68.614 -9.091 2.000
dcp  -4.659 -69.614 -9.091 0.500
dcp  -4.659 -71.614 -9.341 0.500
dcp  -5.159 -74.114 -8.591 0.500
dcp  -5.159 -78.114 -8.591 0.500
dcp  -5.659 -81.614 -9.591 0.500
dcp  -5.659 -84.614 -10.591 0.500
dcp  -6.409 -88.614 -10.091 1.000
dcp  -8.409 -92.614 -11.091 1.000
dcp  -9.159 -96.614 -9.341 0.500
dcp  -9.909 -100.114 -9.091 1.000
dcp  -10.659 -104.114 -7.841 0.500
dcp  -10.409 -108.114 -6.841 1.000
dcp  -11.409 -112.114 -8.091 1.000
dcp  -12.909 -115.114 -8.091 1.000
dcp  -12.159 -117.614 -7.341 0.500
ne   -10.659 -120.114 -7.591 0.500
dcp  -3.159 -68.114 -10.591 1.750
dcp  -2.409 -69.614 -10.591 1.000
dcp  -1.409 -71.614 -13.091 1.000
dcp  0.591 -75.114 -14.841 1.000
dcp  1.341 -78.114 -16.591 0.500
dcp  1.841 -80.614 -17.591 0.500
dcp  3.341 -84.114 -18.341 0.500
dcp  4.341 -87.114 -20.091 0.500
dcp  5.341 -91.114 -21.591 0.500
dcp  6.841 -93.614 -22.841 1.500
dcp  8.591 -96.614 -23.341 1.000
dcp  9.591 -98.614 -25.591 1.000
dcp  9.591 -100.114 -26.591 1.000
dcp  10.341 -102.614 -27.591 0.500
dcp  11.841 -105.614 -29.591 0.500
dcp  12.091 -109.114 -30.091 1.000
dcp  12.841 -111.614 -31.341 0.500
dcp  13.341 -113.614 -32.591 0.500
dcp  13.341 -117.364 -35.591 0.750
dcp  13.841 -120.114 -37.841 0.500
dcp  13.341 -125.114 -38.841 0.500
dcp  12.841 -128.114 -40.091 0.500
dcp  11.341 -130.614 -39.841 0.500
ne   10.841 -133.114 -39.841 0.500
dcp  4.341 -37.614 -0.841 1.000
dcp  7.091 -39.614 -0.341 1.000
dcp  9.591 -43.614 -0.341 1.000
bp   10.591 -45.114 0.909 2.000
dcp  10.091 -46.114 1.159 1.000
dcp  10.091 -50.114 1.159 1.000
dcp  10.091 -53.114 1.159 1.000
dcp  11.091 -55.614 0.659 1.000
dcp  11.841 -59.114 1.159 0.500
dcp  14.091 -63.114 1.909 1.000
dcp  15.841 -66.114 2.659 0.500
dcp  18.591 -69.614 3.409 1.000
dcp  20.591 -71.614 4.659 1.000
dcp  23.341 -76.114 5.409 0.500
dcp  23.841 -78.114 5.909 0.500
dcp  23.841 -81.614 7.159 0.500
dcp  24.841 -84.614 7.159 0.500
dcp  27.091 -88.614 7.909 1.000
dcp  29.091 -92.114 7.659 1.000
dcp  29.841 -95.114 9.159 0.500
dcp  32.841 -98.614 9.909 0.500
dcp  34.841 -102.614 11.159 0.500
dcp  36.341 -104.114 10.659 0.500
dcp  39.091 -106.614 10.659 1.000
dcp  40.841 -109.114 10.659 0.500
dcp  43.341 -114.114 10.159 0.500
dcp  44.341 -119.614 11.159 0.500
dcp  43.591 -121.864 13.159 1.000
dcp  45.841 -125.864 13.659 1.000
dcp  46.591 -128.114 13.909 0.500
dcp  47.841 -130.614 14.659 0.500
dcp  46.841 -134.614 13.659 1.500
dcp  48.091 -133.864 15.659 1.500
dcp  51.591 -137.364 18.659 0.500
dcp  53.341 -141.864 20.159 0.500
ne   55.091 -145.864 21.909 0.500
dcp  10.591 -45.614 1.159 1.500
dcp  12.091 -46.614 1.909 1.500
dcp  14.341 -49.614 2.159 0.500
dcp  15.341 -51.614 3.159 0.500
dcp  15.841 -55.114 5.159 0.500
dcp  18.591 -58.114 4.909 1.000
dcp  23.341 -61.614 5.159 0.500
dcp  24.341 -64.114 5.409 0.500
dcp  25.591 -67.114 6.659 1.000
dcp  28.841 -70.114 6.659 0.500
dcp  31.091 -73.614 6.659 1.000
dcp  35.341 -77.614 7.909 0.500
dcp  40.841 -81.114 10.159 1.000
dcp  46.341 -84.114 11.159 0.500
dcp  47.091 -85.114 13.159 0.250
dcp  48.091 -88.114 16.409 0.500
dcp  49.341 -89.614 17.659 1.000
ne   50.091 -90.614 18.159 1.500
dcp  4.091 -22.614 -1.841 1.500
dcp  5.841 -24.864 -0.091 0.750
dcp  8.591 -27.114 -0.091 1.500
dcp  10.591 -28.864 -0.341 1.000
bp   12.341 -29.864 -0.841 2.000
dcp  12.091 -30.614 -1.341 1.000
dcp  13.841 -34.114 -0.091 0.500
dcp  15.341 -39.114 -0.091 0.500
dcp  17.091 -41.114 0.409 1.000
dcp  19.091 -45.114 1.409 1.000
dcp  21.341 -49.614 3.659 0.500
dcp  23.341 -52.614 4.659 0.500
dcp  24.341 -55.614 5.159 0.500
dcp  25.091 -58.114 6.659 1.000
dcp  27.091 -61.614 8.659 1.000
dcp  27.341 -64.614 10.159 1.500
dcp  27.841 -64.364 12.159 1.500
dcp  30.591 -69.614 15.909 0.750
dcp  32.091 -71.864 17.409 0.500
dcp  33.591 -77.114 23.409 1.000
dcp  35.591 -80.114 26.409 1.000
dcp  38.591 -83.614 28.159 0.500
dcp  40.091 -85.864 29.909 1.500
dcp  42.591 -88.864 30.909 1.000
dcp  45.591 -92.364 33.409 1.000
dcp  46.841 -94.614 35.409 1.500
dcp  48.591 -96.614 35.909 0.500
dcp  50.091 -100.114 38.159 1.000
dcp  50.591 -102.114 39.909 1.000
dcp  51.591 -104.614 39.909 1.000
dcp  53.591 -107.864 42.159 0.500
dcp  55.591 -111.864 42.909 1.000
dcp  59.341 -116.614 44.159 0.500
dcp  61.091 -119.614 46.159 0.500
dcp  64.841 -124.614 47.159 0.500
dcp  66.341 -128.364 47.409 0.500
dcp  69.091 -131.364 48.659 0.500
dcp  71.091 -136.364 49.909 0.500
dcp  71.591 -138.864 48.659 1.000
ne   73.341 -140.114 48.659 0.500
dcp  13.091 -29.364 -0.341 1.750
dcp  15.841 -30.364 -0.341 0.750
dcp  20.091 -31.114 -0.841 1.000
bp   22.341 -32.114 -0.091 1.000
dcp  24.341 -33.114 -0.341 0.500
dcp  27.341 -34.614 0.159 1.000
dcp  31.341 -37.114 1.159 0.500
dcp  34.841 -39.614 2.409 0.500
dcp  38.341 -41.614 4.659 1.000
dcp  43.091 -44.614 5.159 1.000
dcp  48.341 -48.114 7.909 1.000
dcp  54.841 -51.114 9.159 0.500
dcp  60.091 -53.114 10.659 1.000
dcp  60.591 -53.114 10.659 1.000
dcp  62.591 -54.614 12.659 1.000
dcp  66.341 -55.364 15.409 1.000
dcp  70.841 -56.614 18.659 1.000
dcp  73.341 -57.614 21.659 0.250
dcp  78.341 -57.114 22.909 0.500
dcp  82.341 -58.864 24.159 1.000
dcp  86.841 -58.614 24.409 1.000
dcp  91.841 -58.364 26.159 1.000
dcp  97.341 -57.114 27.159 1.000
dcp  99.841 -57.114 28.159 1.000
dcp  102.341 -56.864 31.409 1.000
dcp  107.591 -56.864 36.159 1.000
dcp  109.591 -59.614 38.159 0.500
ne   112.591 -60.614 39.159 1.000
dcp  22.591 -33.114 -1.591 1.000
bp   24.341 -34.614 -2.841 1.000
dcp  25.091 -34.614 -2.841 1.000
dcp  27.591 -36.614 -2.841 1.000
dcp  29.091 -38.114 -2.591 1.000
dcp  30.341 -41.114 -2.841 0.500
dcp  33.341 -44.864 -2.841 0.750
dcp  35.841 -46.614 -2.091 1.000
dcp  41.341 -48.114 -2.091 1.000
dcp  44.591 -49.864 -1.341 0.500
dcp  50.091 -53.864 -1.341 0.500
dcp  53.591 -55.614 -1.341 0.250
dcp  57.841 -58.114 0.159 0.500
dcp  60.841 -59.114 0.159 0.500
dcp  65.341 -60.364 0.409 0.750
dcp  68.341 -62.614 -0.591 1.000
dcp  72.841 -63.114 -0.591 0.500
dcp  78.091 -64.114 -0.091 1.000
dcp  83.091 -64.364 0.659 0.500
dcp  89.591 -64.364 -0.341 0.500
dcp  96.591 -64.364 -4.341 0.500
dcp  103.091 -65.864 -3.341 0.500
dcp  108.091 -66.614 -4.841 1.000
dcp  113.591 -68.364 -6.341 0.500
dcp  119.341 -68.614 -7.091 0.500
ne   124.341 -69.614 -8.091 0.500
dcp  24.591 -35.614 -4.341 1.000
dcp  24.341 -38.114 -6.341 0.500
dcp  25.841 -39.364 -6.341 0.750
dcp  28.591 -39.614 -6.091 1.000
dcp  30.091 -42.114 -9.591 1.000
dcp  31.591 -44.114 -11.591 1.500
dcp  34.341 -45.614 -13.341 1.000
dcp  39.341 -47.614 -14.591 0.500
dcp  43.841 -48.614 -15.841 0.500
dcp  46.091 -49.114 -18.091 1.000
dcp  50.091 -49.114 -18.591 1.000
dcp  54.591 -52.114 -20.841 1.000
dcp  59.091 -52.114 -23.591 1.000
dcp  63.091 -53.114 -25.341 1.000
dcp  66.841 -55.364 -25.841 0.750
dcp  69.591 -57.114 -27.341 1.000
dcp  73.091 -57.864 -28.591 0.500
dcp  76.841 -58.114 -30.591 0.500
dcp  81.341 -59.614 -31.841 1.000
dcp  86.591 -61.114 -34.591 1.000
dcp  91.591 -61.864 -39.341 0.500
dcp  95.591 -63.614 -40.591 1.000
dcp  101.341 -68.114 -44.341 0.500
dcp  103.091 -70.114 -45.341 1.000
ne   104.591 -72.614 -48.841 1.000
mto  1.591 -1.114 4.659 3.250
dcp  4.091 -1.864 6.659 1.750
dcp  6.091 -2.614 10.659 2.250
dcp  8.091 -3.864 11.659 1.000
dcp  4.591 -1.364 13.659 1.500
bp   5.841 -2.114 15.659 3.500
dcp  6.841 -1.364 14.159 1.500
dcp  9.341 -1.864 15.659 0.750
dcp  11.841 -2.364 17.409 1.500
dcp  16.591 -3.614 19.409 1.500
bp   18.091 -3.614 20.159 1.500
dcp  19.341 -3.614 20.159 1.000
dcp  21.341 -4.614 21.409 1.000
dcp  25.341 -6.114 21.659 1.000
dcp  27.841 -7.614 22.659 0.500
dcp  30.341 -8.364 21.909 1.000
bp   33.341 -8.614 22.159 0.250
dcp  33.591 -8.864 21.659 0.750
dcp  35.591 -8.614 21.909 0.500
dcp  39.091 -7.114 21.159 0.750
dcp  41.841 -7.114 20.409 0.500
dcp  44.591 -5.614 19.159 0.500
dcp  48.591 -3.614 18.909 1.000
dcp  51.591 -4.114 18.909 0.500
dcp  54.091 -4.864 17.909 1.000
dcp  56.841 -5.614 17.409 1.000
dcp  59.091 -6.364 16.659 0.750
dcp  61.591 -7.114 16.159 1.000
dcp  65.091 -8.364 14.659 1.000
dcp  69.341 -10.614 13.909 1.000
dcp  72.591 -11.364 14.159 0.500
dcp  76.091 -11.864 13.909 1.000
dcp  75.841 -11.114 15.409 0.750
dcp  79.341 -11.114 17.909 0.500
dcp  85.341 -10.114 20.159 1.500
dcp  90.841 -11.614 20.909 0.500
dcp  96.091 -11.864 21.409 1.000
dcp  99.841 -11.364 22.909 0.750
dcp  103.341 -10.864 24.659 0.500
dcp  106.591 -8.114 25.159 0.500
dcp  109.591 -6.614 24.159 0.500
dcp  114.591 -5.114 26.159 0.500
dcp  115.591 -3.864 29.659 0.500
dcp  119.591 -4.864 33.409 1.500
dcp  123.091 -4.614 36.659 0.500
dcp  126.841 -5.614 38.659 0.500
ne   131.341 -7.614 42.159 1.500
dcp  33.591 -9.614 22.659 1.000
dcp  35.841 -12.864 22.659 0.750
dcp  39.841 -14.864 22.909 0.500
dcp  42.591 -17.364 22.909 1.000
dcp  47.091 -20.114 24.159 0.500
dcp  48.841 -21.364 24.159 1.000
dcp  52.591 -22.614 24.659 0.750
bp   56.091 -25.864 25.159 1.500
dcp  57.591 -26.114 25.659 1.000
dcp  60.091 -25.614 25.409 1.000
dcp  63.591 -25.364 24.909 1.000
dcp  67.341 -25.364 25.159 1.000
dcp  71.591 -26.114 26.159 0.250
dcp  75.091 -26.614 27.409 1.000
dcp  79.841 -26.864 29.909 0.500
dcp  85.091 -27.864 30.909 0.500
dcp  88.091 -27.864 32.159 0.500
dcp  92.341 -27.364 32.659 0.500
dcp  95.591 -27.614 33.159 0.250
dcp  97.341 -29.114 33.659 1.000
ne   99.591 -31.614 34.909 0.500
dcp  56.091 -26.364 25.159 1.000
dcp  57.841 -28.614 25.409 1.500
dcp  60.341 -31.614 26.659 1.000
dcp  63.091 -35.114 26.659 0.500
dcp  64.091 -36.864 27.659 0.250
dcp  64.591 -38.364 27.409 1.500
dcp  65.841 -41.864 27.909 0.500
dcp  67.091 -47.364 28.659 0.500
dcp  68.841 -50.864 29.409 1.500
dcp  69.341 -53.364 29.409 1.500
dcp  70.591 -57.114 29.409 1.500
dcp  71.341 -59.614 29.159 0.250
dcp  72.591 -62.614 29.659 0.250
dcp  75.841 -66.364 29.659 0.750
dcp  79.591 -68.864 30.159 0.500
dcp  82.841 -69.364 30.409 1.000
dcp  84.091 -69.114 29.409 1.000
dcp  88.341 -74.114 28.159 0.500
dcp  92.841 -77.364 30.159 0.500
dcp  97.091 -79.864 32.159 0.750
dcp  99.591 -83.614 34.659 1.500
dcp  100.841 -85.614 35.909 1.000
dcp  106.341 -89.864 38.159 0.500
ne   106.841 -90.864 39.409 1.000
dcp  16.591 -2.614 22.159 1.500
dcp  19.841 -2.114 24.159 1.000
dcp  22.591 -2.114 25.909 1.000
bp   23.591 -1.864 26.909 1.500
dcp  23.591 -2.114 29.909 1.000
dcp  26.091 -2.114 31.409 1.500
dcp  26.591 -3.364 33.659 1.000
dcp  28.091 -3.864 36.659 1.000
dcp  29.841 -5.114 38.409 0.750
dcp  31.841 -8.114 41.159 1.500
dcp  34.591 -8.114 44.409 1.000
dcp  36.841 -8.864 47.909 0.500
dcp  38.841 -9.864 51.909 1.000
dcp  40.091 -10.614 53.909 1.500
dcp  42.091 -12.864 56.659 1.000
dcp  42.091 -15.364 58.909 2.000
dcp  40.341 -16.864 63.909 1.000
dcp  38.591 -16.364 67.409 2.000
dcp  36.841 -16.114 70.159 1.000
dcp  34.091 -16.614 73.159 1.000
dcp  33.841 -17.864 80.409 0.750
dcp  35.091 -17.364 82.409 1.000
dcp  37.591 -18.614 87.659 0.500
dcp  40.341 -20.114 90.409 1.000
dcp  42.841 -19.864 92.659 0.500
dcp  42.841 -18.114 95.159 1.000
dcp  44.091 -16.364 97.659 0.500
dcp  45.841 -15.114 99.159 0.500
dcp  45.091 -14.614 101.659 1.000
dcp  45.841 -14.614 106.159 0.500
dcp  47.841 -14.614 110.909 1.000
dcp  48.341 -15.614 115.159 0.500
dcp  49.091 -16.864 119.159 0.500
dcp  49.841 -17.614 123.659 0.500
dcp  47.591 -19.614 130.159 1.000
dcp  48.591 -21.364 133.909 0.500
ne   50.841 -24.614 136.159 0.500
dcp  23.591 -2.114 28.159 1.000
dcp  27.091 -1.864 28.409 1.000
dcp  31.091 -1.364 28.659 0.250
dcp  33.591 -0.114 28.659 1.000
dcp  36.091 1.386 28.659 1.500
dcp  41.091 4.136 31.409 1.000
dcp  45.591 7.386 32.659 1.000
dcp  46.091 9.386 32.659 1.500
dcp  50.341 12.136 33.159 1.000
dcp  50.591 14.636 33.409 0.500
dcp  49.591 16.886 33.409 0.500
dcp  49.841 21.136 31.409 0.500
dcp  49.591 24.386 31.659 1.000
dcp  50.841 27.636 31.659 1.000
dcp  51.591 29.636 31.659 1.000
dcp  55.091 28.636 34.659 0.500
dcp  58.841 27.636 35.409 0.500
dcp  62.841 27.136 38.409 1.000
dcp  65.841 29.136 37.909 1.000
dcp  69.091 29.386 38.659 0.500
dcp  73.341 31.386 38.659 1.000
dcp  76.091 32.636 37.909 0.500
dcp  78.091 33.886 37.909 0.500
dcp  81.841 38.886 37.159 0.500
dcp  85.841 44.386 37.909 0.250
dcp  87.341 47.136 36.909 0.500
ne   90.091 48.136 35.909 1.000
dcp  3.341 -2.364 18.659 1.500
dcp  3.341 -6.364 22.159 1.500
bp   4.091 -8.864 24.159 1.500
dcp  4.341 -9.364 24.659 1.000
dcp  7.591 -10.614 27.409 1.000
dcp  8.841 -11.614 29.659 1.000
dcp  11.091 -13.614 34.409 1.000
bp   12.091 -15.614 37.159 1.500
dcp  12.091 -16.614 37.659 1.000
dcp  11.091 -18.614 39.409 1.000
dcp  12.091 -20.114 41.909 1.500
dcp  11.591 -20.614 44.409 1.500
dcp  10.091 -21.614 50.159 1.500
dcp  7.841 -21.114 55.909 1.000
dcp  7.341 -21.614 59.909 0.250
dcp  6.841 -19.864 65.159 1.500
dcp  5.841 -20.614 73.909 0.500
dcp  4.341 -22.864 78.159 1.000
dcp  4.591 -24.864 82.409 1.500
dcp  4.591 -25.364 83.159 1.000
dcp  4.591 -24.364 85.159 1.000
dcp  3.841 -25.364 90.659 1.000
dcp  2.341 -25.614 95.909 0.500
dcp  -1.659 -26.114 97.909 0.500
dcp  -4.409 -25.864 98.409 1.000
dcp  -8.409 -25.114 98.909 1.000
dcp  -11.659 -23.864 102.659 1.000
dcp  -14.159 -22.864 107.159 1.000
dcp  -14.409 -22.114 111.659 1.000
dcp  -14.159 -24.364 114.159 0.500
dcp  -13.909 -24.864 118.659 1.000
dcp  -14.659 -25.114 122.159 1.000
dcp  -15.659 -26.614 126.909 0.500
dcp  -14.909 -28.114 129.409 0.500
ne   -16.659 -29.864 130.909 1.000
dcp  13.091 -16.114 37.409 0.500
dcp  14.591 -18.364 39.409 0.250
dcp  16.841 -20.364 42.659 1.000
dcp  17.841 -22.364 44.409 1.000
dcp  21.091 -24.614 46.659 1.000
dcp  23.091 -26.364 48.909 1.000
dcp  26.091 -30.114 53.409 1.000
dcp  27.341 -32.364 55.909 1.000
dcp  32.841 -33.864 59.409 0.500
dcp  36.591 -36.364 62.409 0.750
dcp  40.841 -37.614 65.159 0.750
dcp  44.091 -40.364 67.909 1.000
dcp  48.841 -43.114 73.159 1.000
dcp  52.341 -43.614 79.909 0.500
dcp  52.841 -43.614 82.409 0.500
dcp  53.841 -43.614 84.409 0.500
dcp  57.091 -46.864 88.659 0.500
dcp  58.841 -48.864 90.409 0.500
dcp  59.841 -50.614 90.909 0.500
dcp  61.591 -52.364 92.409 0.500
dcp  63.841 -55.614 94.659 0.500
dcp  66.091 -59.614 95.409 0.500
dcp  66.591 -61.864 98.909 0.500
dcp  67.091 -64.114 101.159 0.750
ne   67.341 -66.114 100.659 0.500
dcp  3.341 -9.364 24.659 1.500
dcp  2.841 -11.364 25.159 1.000
bp   3.091 -13.364 26.159 2.250
dcp  2.091 -14.364 27.409 1.000
dcp  0.341 -16.114 28.659 1.000
dcp  -1.159 -18.114 31.909 1.500
dcp  -3.159 -19.614 34.659 1.000
dcp  -4.909 -21.614 36.909 1.000
dcp  -6.659 -22.864 37.909 1.000
dcp  -9.409 -25.114 40.159 0.750
dcp  -11.659 -26.864 42.659 1.000
dcp  -13.159 -29.364 44.909 0.750
dcp  -14.659 -30.614 46.409 0.500
dcp  -14.909 -31.864 47.409 0.750
dcp  -18.159 -33.864 49.409 1.000
dcp  -21.659 -34.614 49.409 0.500
dcp  -23.909 -36.364 50.159 0.500
dcp  -25.159 -38.864 50.659 0.750
dcp  -27.659 -40.364 51.659 0.750
dcp  -30.659 -41.864 52.409 1.500
dcp  -32.159 -44.364 54.409 0.500
dcp  -34.409 -49.614 57.909 1.500
dcp  -35.659 -51.364 59.909 0.500
dcp  -38.159 -54.614 62.409 1.000
dcp  -38.409 -56.614 65.159 1.000
dcp  -39.659 -58.614 65.159 1.000
dcp  -41.659 -61.864 69.159 1.000
dcp  -40.909 -66.114 72.159 1.000
dcp  -40.659 -69.614 73.909 1.500
dcp  -40.409 -74.614 79.159 2.500
dcp  -40.909 -74.864 85.659 0.750
dcp  -43.159 -75.614 87.659 0.500
dcp  -42.909 -75.864 89.909 1.000
dcp  -43.159 -76.114 93.409 0.500
dcp  -43.659 -77.364 94.409 0.500
dcp  -45.659 -76.864 96.409 0.500
dcp  -47.159 -77.364 97.659 1.000
dcp  -51.909 -77.364 99.659 1.000
dcp  -56.659 -77.364 101.409 0.500
dcp  -59.159 -76.364 101.909 0.500
dcp  -58.909 -80.364 103.909 0.500
dcp  -58.659 -81.864 105.909 0.500
dcp  -59.909 -84.614 110.909 0.750
dcp  -62.159 -87.364 115.409 1.000
ne   -65.409 -86.614 118.659 1.000
dcp  3.591 -14.364 27.659 0.250
dcp  3.341 -17.364 27.659 1.750
dcp  2.841 -20.614 28.159 2.000
dcp  2.841 -23.364 28.159 2.000
dcp  1.841 -26.864 28.909 0.500
dcp  1.341 -28.864 28.909 1.500
dcp  0.341 -32.614 29.159 1.000
dcp  0.591 -35.114 30.159 1.500
dcp  1.591 -38.864 30.409 1.000
bp   1.841 -40.364 30.159 2.500
dcp  1.091 -40.364 29.659 1.000
dcp  -0.409 -42.114 30.159 1.000
dcp  -0.409 -45.864 30.659 2.500
dcp  -1.159 -48.114 31.409 1.000
dcp  -1.909 -51.114 33.159 1.000
dcp  -3.159 -54.114 34.659 0.500
dcp  -3.159 -59.114 37.159 1.000
dcp  -4.909 -62.614 40.159 0.500
dcp  -6.909 -67.364 43.409 2.000
dcp  -7.909 -70.864 46.409 0.500
dcp  -7.659 -73.364 48.159 1.000
dcp  -7.159 -77.364 50.409 1.500
dcp  -7.409 -79.364 51.659 1.000
dcp  -6.409 -84.364 56.909 0.500
dcp  -5.159 -86.864 59.909 1.000
dcp  -4.409 -88.864 61.409 1.500
dcp  -4.409 -92.114 66.159 1.000
dcp  -4.909 -94.864 71.159 1.500
dcp  -4.659 -99.864 74.659 1.000
dcp  -4.909 -102.614 75.909 2.000
dcp  -7.159 -105.864 77.159 1.000
dcp  -9.159 -110.364 81.409 1.000
dcp  -10.159 -111.864 85.409 1.000
dcp  -11.409 -113.114 87.409 0.500
dcp  -13.159 -114.614 91.409 1.000
dcp  -13.409 -116.614 94.159 1.000
ne   -12.659 -120.364 96.659 0.500
dcp  1.841 -40.364 29.909 0.500
dcp  4.591 -44.364 30.659 0.500
dcp  6.591 -47.864 31.659 0.500
dcp  8.341 -49.364 32.659 1.000
dcp  12.091 -54.114 33.909 1.500
dcp  15.091 -56.864 34.659 1.500
dcp  18.091 -60.864 35.909 0.500
dcp  19.591 -63.864 36.909 0.250
dcp  23.841 -68.614 37.909 0.250
dcp  27.591 -70.864 39.159 0.500
dcp  29.591 -73.364 41.159 0.500
dcp  32.841 -76.114 41.409 0.750
dcp  35.341 -77.364 41.159 0.750
dcp  38.091 -80.114 42.909 0.250
dcp  41.341 -83.864 44.909 1.000
dcp  47.091 -90.614 47.159 1.500
dcp  51.341 -98.114 49.409 1.000
dcp  55.841 -101.864 49.159 1.500
dcp  58.591 -106.864 49.909 0.500
ne   60.091 -109.114 49.909 0.500
mto  -5.659 -2.864 -0.091 5.500
dcp  -6.409 -3.114 -1.341 4.000
bp   -8.659 -3.614 -1.341 4.000
dcp  -9.409 -2.114 -2.091 1.000
dcp  -13.409 -3.114 -2.341 1.000
dcp  -16.909 -2.114 -4.091 1.000
dcp  -18.909 -2.114 -6.341 1.000
dcp  -20.909 -3.364 -7.591 1.500
bp   -22.409 -4.364 -11.591 1.500
dcp  -22.659 -4.114 -12.591 0.500
dcp  -23.159 -3.614 -14.091 0.500
dcp  -23.659 -2.614 -16.091 0.500
dcp  -24.659 -2.114 -18.841 1.000
dcp  -25.659 0.136 -21.091 0.750
dcp  -27.159 0.886 -22.591 1.000
dcp  -29.409 1.886 -25.091 1.500
bp   -31.409 3.886 -27.091 1.000
dcp  -31.659 4.886 -27.341 0.500
dcp  -32.409 6.636 -30.091 1.000
dcp  -31.659 8.886 -31.591 0.500
dcp  -32.409 10.636 -35.091 1.000
dcp  -31.909 11.886 -38.841 1.000
dcp  -33.409 12.386 -43.341 1.000
dcp  -33.909 12.386 -46.591 1.000
dcp  -36.159 13.886 -48.591 0.500
dcp  -35.409 15.136 -53.341 1.000
dcp  -37.409 15.386 -58.341 1.500
dcp  -37.659 17.386 -61.091 1.000
dcp  -38.909 18.886 -65.091 1.000
dcp  -38.909 20.886 -67.841 1.000
dcp  -39.909 23.136 -71.091 0.500
dcp  -42.159 25.636 -74.591 1.000
dcp  -42.409 26.136 -78.591 0.750
dcp  -40.659 23.386 -82.591 0.500
dcp  -37.909 22.886 -87.091 1.000
dcp  -35.909 20.886 -91.091 0.500
ne   -33.409 23.136 -95.591 0.500
dcp  -31.909 3.886 -27.341 0.250
dcp  -35.409 5.636 -27.341 1.500
dcp  -38.159 7.386 -27.591 1.000
dcp  -40.159 9.386 -27.841 0.500
dcp  -42.909 11.886 -27.591 1.000
dcp  -46.159 12.886 -29.091 0.500
dcp  -49.659 14.136 -29.341 1.500
dcp  -53.909 15.386 -30.091 1.000
dcp  -57.909 16.386 -29.591 1.000
dcp  -62.409 18.886 -31.091 1.000
dcp  -65.909 17.886 -34.091 1.000
dcp  -69.409 16.886 -33.591 1.000
dcp  -71.909 15.136 -34.841 1.500
dcp  -75.409 15.386 -36.841 1.000
dcp  -79.909 16.886 -37.341 1.000
dcp  -84.409 17.886 -39.091 1.000
dcp  -87.909 16.886 -39.841 1.000
dcp  -92.409 18.636 -42.091 0.500
dcp  -97.409 19.636 -43.841 1.500
ne   -100.409 17.886 -47.341 1.000
dcp  -23.909 -4.864 -10.591 1.000
dcp  -25.159 -5.864 -10.841 1.500
dcp  -28.159 -7.114 -11.341 1.000
bp   -28.659 -7.114 -13.091 1.750
dcp  -30.159 -7.114 -12.591 1.000
dcp  -33.409 -6.364 -13.841 0.500
dcp  -37.409 -5.614 -15.091 1.000
bp   -39.409 -5.364 -15.841 1.500
dcp  -39.659 -4.864 -15.591 0.750
dcp  -41.159 -3.114 -16.591 1.000
dcp  -44.909 0.136 -18.091 1.000
dcp  -50.659 4.136 -19.591 0.750
dcp  -55.659 7.386 -22.841 1.000
dcp  -58.909 11.386 -25.591 1.500
dcp  -63.659 12.386 -27.341 0.500
dcp  -66.909 12.886 -28.091 1.000
dcp  -70.909 13.886 -27.091 1.000
dcp  -72.659 15.136 -27.091 1.500
dcp  -76.159 15.386 -27.091 1.000
dcp  -79.409 17.386 -29.091 1.000
dcp  -81.909 18.886 -29.841 1.000
dcp  -86.659 22.886 -29.591 0.500
dcp  -88.659 25.886 -30.591 1.000
dcp  -90.159 27.886 -31.841 0.500
dcp  -93.159 30.386 -33.091 0.500
dcp  -96.909 31.386 -32.841 1.000
dcp  -100.409 31.386 -34.091 1.000
dcp  -105.909 32.386 -34.091 1.000
dcp  -110.159 33.136 -34.591 0.750
dcp  -114.659 35.386 -35.591 1.000
dcp  -118.909 37.136 -37.591 0.500
dcp  -120.409 37.136 -37.341 0.500
ne   -123.159 39.386 -37.341 0.500
dcp  -39.659 -6.114 -14.591 0.500
dcp  -41.409 -6.614 -15.341 0.250
dcp  -43.409 -6.364 -15.341 0.500
dcp  -45.909 -7.114 -15.841 1.000
dcp  -49.659 -8.614 -16.091 0.500
dcp  -51.909 -9.614 -17.091 1.000
dcp  -54.409 -10.364 -17.091 0.500
dcp  -56.659 -10.114 -16.591 0.500
dcp  -58.909 -10.364 -16.841 0.500
dcp  -63.909 -9.364 -16.841 1.500
dcp  -68.659 -9.614 -17.841 1.000
dcp  -72.909 -11.114 -17.841 1.000
dcp  -76.409 -10.364 -17.841 0.500
dcp  -80.159 -10.364 -16.591 0.750
dcp  -83.659 -9.114 -17.341 0.500
dcp  -90.409 -8.864 -16.591 0.500
dcp  -93.659 -8.614 -15.091 0.500
dcp  -97.659 -7.614 -14.091 0.500
dcp  -102.909 -6.364 -13.341 0.500
dcp  -108.159 -6.364 -12.591 0.750
dcp  -110.659 -6.114 -12.591 0.500
dcp  -115.159 -6.364 -12.591 0.750
dcp  -120.409 -5.614 -11.341 1.000
dcp  -122.409 -5.614 -11.341 1.000
dcp  -124.909 -6.364 -11.341 0.500
dcp  -127.909 -6.364 -8.841 0.500
dcp  -130.909 -5.614 -6.341 1.000
dcp  -134.409 -7.114 -4.341 1.000
dcp  -137.909 -8.114 -4.341 1.000
dcp  -141.909 -8.114 -3.341 1.000
dcp  -146.409 -8.114 -4.091 1.000
ne   -150.659 -8.614 -2.341 0.500
dcp  -30.159 -7.614 -11.591 1.500
dcp  -30.159 -9.114 -12.091 0.500
dcp  -30.659 -11.614 -13.091 0.500
dcp  -30.659 -12.614 -13.091 0.500
dcp  -30.159 -14.114 -13.591 0.500
dcp  -30.659 -16.864 -14.591 0.750
dcp  -31.159 -18.114 -15.341 0.500
dcp  -31.659 -20.614 -15.591 0.500
dcp  -32.409 -23.114 -17.091 1.000
dcp  -32.409 -24.614 -17.591 1.000
dcp  -33.909 -27.114 -18.091 1.000
dcp  -35.159 -28.614 -18.591 0.500
dcp  -35.659 -30.114 -19.091 0.500
dcp  -35.409 -33.614 -19.591 1.000
bp   -35.159 -36.614 -20.591 1.500
dcp  -35.909 -37.114 -21.091 1.000
dcp  -37.659 -38.614 -23.341 1.000
dcp  -38.659 -40.114 -24.091 0.500
dcp  -40.909 -41.864 -26.591 0.500
dcp  -42.909 -42.364 -30.091 1.500
dcp  -48.409 -42.614 -32.591 1.000
dcp  -51.409 -43.614 -36.091 1.000
dcp  -55.159 -45.614 -39.091 0.500
dcp  -57.659 -47.114 -41.091 0.500
dcp  -60.659 -48.364 -42.341 0.750
dcp  -63.409 -49.114 -44.091 1.000
dcp  -65.409 -50.614 -45.341 1.000
dcp  -66.909 -52.364 -47.341 1.000
dcp  -69.659 -52.864 -48.341 0.500
dcp  -74.409 -55.114 -48.341 0.500
ne   -78.159 -58.114 -53.091 0.500
dcp  -34.909 -36.614 -20.591 1.000
dcp  -34.409 -39.114 -18.841 1.000
dcp  -34.909 -41.864 -17.341 1.000
dcp  -35.659 -44.114 -17.341 0.500
dcp  -35.159 -46.114 -16.841 0.500
dcp  -34.909 -49.614 -16.841 1.000
dcp  -34.909 -53.614 -16.341 1.000
dcp  -36.159 -56.614 -16.591 0.500
dcp  -39.659 -58.614 -17.091 0.500
dcp  -40.659 -62.614 -16.091 0.500
dcp  -42.659 -66.614 -15.091 0.500
dcp  -44.659 -68.614 -13.341 1.000
dcp  -46.909 -73.114 -13.341 1.000
dcp  -48.909 -77.614 -14.091 1.000
dcp  -49.659 -80.114 -13.341 0.500
dcp  -49.159 -84.114 -13.591 0.500
dcp  -48.159 -87.614 -13.091 0.500
dcp  -46.159 -91.614 -13.091 0.500
dcp  -45.159 -94.614 -12.591 0.500
dcp  -44.659 -98.614 -11.591 0.500
dcp  -44.159 -102.114 -11.841 0.500
dcp  -42.909 -105.114 -11.841 1.000
dcp  -42.409 -106.614 -12.591 1.000
dcp  -42.159 -108.614 -12.591 0.500
dcp  -41.159 -111.614 -13.841 0.500
dcp  -39.659 -115.114 -14.091 0.500
dcp  -38.909 -116.614 -16.091 1.000
dcp  -38.659 -119.114 -16.091 0.500
ne   -37.159 -123.614 -16.841 0.500
dcp  -10.659 -3.614 1.659 2.000
dcp  -12.659 -6.114 1.659 0.500
dcp  -15.409 -8.114 1.659 1.000
dcp  -18.159 -11.114 1.659 1.000
dcp  -20.159 -12.864 1.159 0.750
dcp  -21.659 -15.614 0.409 0.500
dcp  -23.159 -18.114 -0.091 0.500
dcp  -24.409 -20.114 -1.341 1.500
dcp  -26.159 -21.614 -2.841 1.750
bp   -26.409 -23.364 -3.591 2.000
dcp  -25.909 -23.614 -3.591 1.000
dcp  -24.909 -27.114 -4.841 1.000
dcp  -23.159 -30.114 -5.341 0.500
dcp  -22.159 -34.114 -5.841 0.500
dcp  -20.659 -39.114 -5.591 0.500
dcp  -20.159 -42.114 -4.341 0.500
dcp  -19.159 -46.114 -4.341 0.500
dcp  -17.659 -48.614 -4.341 0.500
dcp  -17.159 -52.114 -4.841 0.500
dcp  -16.659 -55.114 -3.841 0.500
dcp  -15.909 -58.614 -4.341 1.000
dcp  -15.159 -62.614 -2.091 0.500
dcp  -13.909 -65.114 -0.841 1.000
dcp  -12.409 -68.114 -0.841 1.000
bp   -11.909 -71.114 0.409 1.000
dcp  -11.159 -72.114 0.159 0.500
dcp  -10.659 -74.614 -0.591 0.500
dcp  -9.409 -77.614 -0.591 1.000
dcp  -7.409 -81.614 -0.841 1.000
dcp  -5.659 -84.114 -0.841 0.500
dcp  -4.159 -87.614 -1.091 1.500
dcp  -3.659 -91.614 -1.341 0.500
dcp  -2.909 -94.614 -2.591 1.000
dcp  -2.659 -98.114 -1.841 0.500
dcp  -2.409 -101.114 -2.841 1.000
dcp  -1.659 -106.114 -3.841 0.500
dcp  -1.409 -109.114 -6.091 1.000
dcp  -1.159 -112.614 -8.341 0.500
dcp  -1.409 -115.614 -8.091 1.000
dcp  -0.659 -119.614 -6.841 0.500
dcp  -1.659 -122.114 -6.841 0.500
dcp  -0.659 -125.114 -6.841 0.500
dcp  -0.409 -127.114 -6.591 1.000
ne   3.341 -129.614 -4.841 0.500
dcp  -11.909 -72.114 1.409 1.000
dcp  -11.659 -73.614 1.659 0.500
dcp  -11.159 -77.114 2.909 0.500
dcp  -9.659 -79.614 5.159 0.500
dcp  -9.659 -81.614 5.659 0.500
dcp  -8.409 -85.114 6.409 1.000
dcp  -6.159 -88.114 6.159 0.500
dcp  -5.159 -90.614 6.909 0.500
dcp  -2.409 -94.114 6.659 1.000
dcp  -0.659 -97.114 5.909 0.500
dcp  2.841 -99.614 5.409 0.500
dcp  4.341 -103.614 5.659 0.500
dcp  6.341 -105.614 6.159 1.000
dcp  8.341 -108.614 7.409 0.500
dcp  10.341 -111.614 9.159 0.500
ne   13.841 -113.614 10.159 1.000
dcp  -26.909 -22.864 -2.841 1.750
dcp  -28.659 -23.864 -3.591 1.500
dcp  -30.909 -25.614 -5.091 1.000
bp   -31.159 -26.614 -5.341 1.000
dcp  -31.909 -26.614 -6.091 1.000
dcp  -34.409 -27.364 -6.091 0.500
dcp  -37.409 -27.364 -6.091 0.500
dcp  -39.909 -28.114 -6.341 1.000
dcp  -43.909 -30.364 -6.341 1.500
dcp  -45.909 -30.614 -7.591 1.000
dcp  -50.159 -31.864 -7.591 1.500
dcp  -52.409 -33.864 -6.341 1.000
dcp  -53.909 -37.114 -6.591 1.000
dcp  -56.409 -37.114 -6.591 1.000
dcp  -60.159 -37.864 -6.091 0.750
dcp  -63.909 -39.614 -5.341 1.000
dcp  -67.909 -41.114 -6.091 1.000
dcp  -70.659 -43.114 -7.341 0.500
dcp  -72.659 -46.114 -6.341 0.500
dcp  -76.409 -46.614 -6.091 1.000
dcp  -81.909 -46.614 -6.341 1.000
dcp  -84.409 -46.614 -6.091 1.000
dcp  -87.909 -47.614 -6.341 1.000
dcp  -91.159 -48.114 -6.341 0.500
dcp  -94.909 -48.364 -6.591 0.500
dcp  -97.659 -49.864 -6.341 0.750
dcp  -101.909 -49.864 -6.341 0.500
dcp  -104.909 -49.864 -5.341 0.500
dcp  -107.409 -51.614 -4.341 1.000
dcp  -110.909 -53.114 -3.091 1.000
dcp  -115.909 -54.114 -2.091 1.000
dcp  -119.909 -54.114 -3.091 1.000
dcp  -123.659 -54.114 -3.591 1.000
dcp  -126.659 -53.114 -4.841 1.000
dcp  -131.409 -55.614 -5.091 1.000
dcp  -134.909 -57.114 -6.341 1.000
dcp  -137.909 -58.114 -6.841 1.000
dcp  -141.909 -59.864 -7.841 1.500
dcp  -145.159 -61.114 -7.341 1.000
ne   -147.659 -60.614 -7.591 0.500
dcp  -31.159 -26.864 -5.591 0.750
dcp  -31.659 -28.614 -5.341 0.500
dcp  -31.909 -31.364 -5.591 1.000
dcp  -32.159 -35.614 -6.341 0.500
dcp  -31.159 -38.114 -6.341 0.500
dcp  -30.659 -40.114 -8.091 0.500
bp   -30.159 -41.614 -8.591 1.500
dcp  -30.159 -43.114 -7.841 0.500
dcp  -30.159 -44.114 -7.841 0.500
dcp  -29.659 -45.614 -7.341 0.500
dcp  -29.659 -48.114 -6.841 0.500
dcp  -29.659 -51.114 -5.091 0.500
dcp  -30.659 -53.614 -4.341 0.500
dcp  -30.409 -56.114 -4.341 1.000
dcp  -31.159 -57.614 -3.341 0.500
dcp  -30.409 -60.114 -2.841 1.000
dcp  -27.909 -63.114 -1.091 1.000
dcp  -29.659 -66.114 -1.591 1.000
dcp  -31.409 -66.864 -1.091 0.500
dcp  -32.159 -68.114 0.409 0.500
dcp  -31.659 -71.114 1.909 0.500
dcp  -31.659 -75.114 3.409 0.500
dcp  -31.159 -78.614 4.159 0.500
dcp  -30.659 -82.614 5.409 0.500
dcp  -30.159 -87.614 6.159 0.500
dcp  -29.659 -90.614 6.659 0.500
dcp  -30.159 -94.614 7.409 0.500
dcp  -29.659 -97.114 7.409 0.500
ne   -27.659 -98.614 6.159 0.500
dcp  -30.659 -42.114 -8.091 0.500
dcp  -30.659 -46.114 -11.591 0.500
dcp  -29.659 -49.614 -12.841 0.500
dcp  -29.909 -52.614 -12.591 1.000
dcp  -29.909 -56.614 -13.841 1.000
dcp  -31.659 -60.114 -12.841 0.500
dcp  -31.909 -65.614 -13.091 1.000
dcp  -32.659 -70.114 -11.591 1.000
dcp  -31.159 -74.614 -9.341 0.500
dcp  -30.659 -78.614 -8.341 0.500
dcp  -30.159 -82.614 -8.091 0.500
dcp  -28.159 -86.614 -6.841 0.500
dcp  -29.159 -89.614 -6.841 1.000
dcp  -29.409 -93.114 -6.841 1.000
dcp  -29.659 -96.114 -6.841 0.500
dcp  -28.909 -100.114 -6.341 1.000
dcp  -29.659 -104.614 -5.091 0.500
dcp  -29.159 -108.614 -3.591 0.500
dcp  -30.159 -113.114 -2.591 0.500
dcp  -31.159 -119.114 0.409 0.500
ne   -31.159 -123.614 -0.841 0.500
mto  0.591 8.886 0.409 2.000
dcp  0.591 10.386 -0.841 1.000
dcp  0.341 12.886 -0.591 0.500
bp   0.341 14.886 -0.591 1.500
dcp  -0.159 15.886 -0.591 0.500
dcp  -1.909 18.386 -0.591 1.000
dcp  -2.659 19.886 -1.091 0.500
bp   -3.659 24.886 -2.841 0.500
dcp  -3.409 24.886 2.909 1.000
bp   -3.659 24.886 3.909 0.500
dcp  -2.159 23.886 10.659 0.500
dcp  0.591 25.136 12.659 0.500
dcp  1.591 26.136 14.909 1.000
dcp  2.091 26.136 18.159 1.000
dcp  2.841 26.386 21.409 1.500
dcp  4.091 26.136 23.659 1.000
dcp  5.341 25.386 25.659 0.500
bp   6.841 26.886 25.659 1.000
dcp  6.591 26.886 28.159 1.500
dcp  6.091 26.886 31.659 1.500
dcp  5.341 26.136 34.909 1.000
dcp  4.841 26.886 36.909 1.000
dcp  4.841 28.136 38.909 1.000
dcp  4.341 29.136 38.909 1.000
dcp  3.591 30.636 40.659 0.500
dcp  2.341 32.136 42.409 0.500
dcp  1.341 34.636 44.659 0.500
dcp  0.841 37.136 45.409 1.500
dcp  -2.159 37.886 47.409 1.000
dcp  -2.909 38.886 50.409 1.000
dcp  -5.159 40.386 52.909 1.000
dcp  -4.909 40.886 56.409 1.500
dcp  -7.159 39.636 60.159 1.000
dcp  -6.659 38.386 64.909 1.000
dcp  -6.909 37.886 69.659 1.000
dcp  -8.159 37.136 74.909 1.000
ne   -9.409 37.136 77.909 1.500
dcp  5.841 27.886 27.659 1.500
dcp  7.841 29.886 28.909 1.000
dcp  10.841 31.136 33.409 1.000
dcp  12.341 34.636 35.409 1.000
dcp  13.591 39.136 36.659 0.500
dcp  14.591 40.636 38.909 1.500
dcp  16.841 43.136 40.159 1.000
dcp  18.591 45.886 40.909 1.000
dcp  20.341 47.136 42.409 0.750
dcp  22.591 50.886 42.909 0.500
dcp  22.841 52.636 43.659 0.500
dcp  25.841 55.136 44.159 0.250
dcp  25.591 56.886 44.659 0.500
dcp  28.091 58.136 44.659 0.250
dcp  28.341 60.136 45.909 1.000
dcp  30.841 63.386 48.409 0.250
dcp  31.091 66.386 49.409 0.500
dcp  31.841 70.386 51.409 0.500
dcp  32.841 72.886 51.659 0.500
dcp  34.591 74.886 52.909 1.500
dcp  35.841 75.886 53.409 1.000
dcp  38.341 76.136 54.159 1.000
ne   42.341 75.886 53.909 0.250
dcp  -3.909 25.136 6.159 0.500
dcp  -4.659 26.386 7.159 0.500
dcp  -6.659 28.886 8.159 0.500
dcp  -7.159 29.886 11.409 0.500
dcp  -8.159 32.636 13.409 1.500
dcp  -9.659 34.136 14.409 1.500
dcp  -9.909 35.636 15.409 1.000
dcp  -12.159 39.136 16.659 0.250
dcp  -13.909 40.386 16.909 1.500
dcp  -17.159 43.386 19.659 0.500
dcp  -16.909 45.886 20.659 1.000
dcp  -17.409 49.386 21.409 1.000
dcp  -18.159 52.386 23.409 1.000
dcp  -20.909 56.136 24.909 1.000
dcp  -25.159 59.636 25.909 1.500
dcp  -29.159 61.136 26.909 0.750
dcp  -32.659 62.636 28.159 1.000
dcp  -39.159 66.386 29.659 1.000
dcp  -45.659 69.136 32.159 0.500
dcp  -50.159 72.136 33.409 0.500
dcp  -53.409 72.636 33.909 1.500
dcp  -59.909 75.136 36.659 1.000
dcp  -67.409 77.886 39.159 0.500
dcp  -70.659 79.136 42.659 1.000
dcp  -76.159 80.886 43.409 1.500
ne   -78.409 81.386 45.659 1.000
dcp  -3.659 23.636 -0.091 0.750
dcp  -4.659 28.886 -1.591 0.500
dcp  -6.659 32.886 -0.591 0.500
dcp  -8.409 38.386 -2.591 1.000
dcp  -9.409 43.386 -1.841 1.000
dcp  -12.409 48.386 -3.591 1.000
dcp  -13.159 51.386 -3.591 0.500
dcp  -13.659 54.886 -3.841 0.500
dcp  -13.659 57.886 -5.091 0.500
dcp  -13.659 60.886 -5.591 0.500
dcp  -14.659 64.886 -6.591 0.500
dcp  -15.159 67.386 -6.591 0.500
dcp  -16.909 70.886 -7.091 1.000
dcp  -16.659 72.386 -8.341 0.500
dcp  -16.909 75.386 -9.091 1.000
dcp  -16.159 77.886 -10.341 0.500
dcp  -16.409 81.886 -10.341 1.000
dcp  -16.409 85.886 -12.341 1.000
dcp  -16.909 88.386 -13.091 1.000
dcp  -16.409 91.886 -14.341 1.000
dcp  -16.159 95.886 -15.091 0.500
dcp  -16.659 99.886 -15.841 0.500
dcp  -16.909 102.886 -16.591 1.000
dcp  -15.659 106.386 -17.841 0.500
dcp  -15.159 109.386 -18.341 0.500
dcp  -15.159 113.386 -18.841 0.500
dcp  -15.409 115.886 -20.341 1.000
dcp  -15.659 119.886 -20.341 0.500
dcp  -17.159 121.886 -21.341 1.000
ne   -16.909 122.136 -21.841 1.000
dcp  0.591 15.386 -0.591 1.000
dcp  4.091 17.886 -1.591 1.000
dcp  6.091 18.886 -2.841 1.000
bp   8.091 19.636 -4.091 0.500
dcp  8.341 21.136 -5.091 0.750
dcp  10.091 22.886 -5.341 1.500
bp   10.591 23.136 -5.841 1.500
bp   10.841 23.886 -6.591 0.500
dcp  10.341 23.886 -6.591 0.500
dcp  10.841 25.386 -7.841 0.500
dcp  10.841 27.636 -13.341 0.750
dcp  10.591 29.386 -16.091 1.000
dcp  12.091 30.386 -18.841 1.000
dcp  12.091 32.886 -23.591 1.000
dcp  10.841 35.636 -26.341 0.750
dcp  9.841 38.136 -29.841 0.750
dcp  10.091 38.886 -34.591 1.000
dcp  8.091 43.386 -36.841 1.000
dcp  6.841 46.386 -39.591 1.500
dcp  4.841 48.636 -42.591 0.750
dcp  3.091 49.886 -43.841 1.000
dcp  1.841 52.886 -45.841 1.500
dcp  0.591 54.886 -51.091 1.000
dcp  -2.159 57.136 -55.591 0.500
dcp  -2.909 59.136 -58.841 1.000
dcp  -4.409 61.886 -61.341 0.500
dcp  -6.159 64.636 -65.091 1.000
dcp  -8.659 66.386 -67.841 0.500
dcp  -9.659 67.886 -70.091 1.000
dcp  -11.659 69.886 -71.341 1.000
ne   -13.409 74.386 -75.091 0.500
dcp  11.341 23.636 -6.091 0.750
dcp  14.091 25.886 -8.341 1.000
dcp  15.341 28.386 -9.841 1.000
dcp  18.091 29.386 -13.841 1.000
dcp  20.341 30.386 -15.341 0.500
dcp  21.591 31.636 -16.841 0.500
dcp  23.591 34.386 -18.341 1.000
dcp  23.841 35.386 -22.591 1.500
dcp  24.841 37.386 -26.341 1.000
dcp  26.841 38.886 -30.341 1.000
dcp  27.591 39.886 -32.341 1.000
dcp  27.591 43.886 -34.341 1.500
dcp  27.841 46.386 -37.091 0.500
dcp  27.591 48.886 -39.841 1.000
dcp  26.841 51.386 -43.341 0.500
dcp  26.091 51.136 -45.341 1.000
dcp  24.591 54.386 -49.341 1.000
dcp  25.091 55.386 -51.091 1.000
dcp  26.591 56.386 -54.341 1.000
dcp  27.091 57.636 -57.591 1.000
dcp  28.341 59.886 -61.841 0.500
dcp  31.091 59.886 -64.841 0.500
dcp  30.591 62.136 -67.841 1.000
ne   31.841 61.136 -70.591 0.250
dcp  11.091 22.886 -5.341 1.000
dcp  13.091 22.886 -5.091 1.000
dcp  16.591 24.386 -5.341 1.000
dcp  20.841 25.886 -7.091 1.000
dcp  23.091 26.886 -7.841 1.000
dcp  26.091 28.386 -10.591 1.000
dcp  31.591 30.136 -12.091 0.500
dcp  34.091 30.886 -13.841 1.000
dcp  37.091 32.386 -16.841 1.000
dcp  40.341 32.386 -18.341 1.000
dcp  45.341 34.886 -20.341 1.000
dcp  49.841 37.386 -21.091 1.000
dcp  53.591 38.386 -21.091 0.250
dcp  55.591 38.886 -21.341 1.000
dcp  56.341 40.886 -21.591 0.500
dcp  57.341 43.386 -21.091 0.500
dcp  58.341 44.886 -21.091 0.500
dcp  60.341 48.386 -20.091 0.500
dcp  59.841 49.886 -20.341 0.500
dcp  60.341 51.386 -19.591 0.500
dcp  61.841 52.886 -19.841 0.500
dcp  63.091 56.386 -19.841 1.000
dcp  64.841 59.386 -20.341 0.500
dcp  65.591 61.386 -20.091 1.000
dcp  67.341 64.386 -18.341 0.500
dcp  70.341 66.386 -17.341 1.000
dcp  71.841 68.886 -16.841 1.000
dcp  74.841 69.636 -17.341 0.750
dcp  76.591 69.886 -17.341 0.250
dcp  78.591 70.386 -17.341 1.000
dcp  80.591 71.886 -17.341 1.000
dcp  83.591 72.886 -17.341 1.000
dcp  83.591 73.886 -17.091 1.000
dcp  83.841 75.386 -17.091 0.500
dcp  82.591 77.386 -16.341 1.000
ne   78.341 81.886 -17.591 0.500
dcp  7.841 18.886 -3.091 0.500
dcp  10.341 18.386 -3.841 0.500
dcp  13.591 17.886 -6.591 1.000
dcp  16.091 16.886 -8.341 1.000
dcp  20.841 16.636 -11.091 1.500
dcp  25.341 15.386 -15.591 1.000
dcp  27.341 13.636 -20.091 0.750
bp   30.841 12.636 -25.091 1.500
dcp  31.841 13.636 -26.841 0.750
dcp  33.591 13.636 -31.841 1.000
dcp  35.091 12.886 -38.591 1.000
dcp  36.591 12.136 -43.591 0.500
dcp  38.091 11.636 -45.591 1.500
dcp  41.591 11.386 -46.341 0.500
dcp  44.841 9.636 -48.341 0.500
dcp  48.841 8.136 -49.091 0.750
dcp  53.091 8.136 -51.591 1.000
dcp  56.591 7.636 -53.091 0.500
dcp  59.591 7.636 -56.091 0.500
dcp  61.591 8.386 -58.091 0.500
dcp  65.091 9.136 -59.091 1.000
dcp  67.591 10.636 -61.091 1.500
dcp  70.841 9.886 -62.341 0.500
dcp  73.841 10.886 -63.591 1.000
dcp  76.591 11.386 -65.341 1.000
dcp  81.091 9.386 -71.091 1.000
dcp  84.591 10.136 -78.841 1.000
ne   90.841 7.886 -85.591 1.000
dcp  32.091 12.886 -26.591 1.000
dcp  33.591 13.636 -25.841 0.500
dcp  35.591 14.386 -27.341 1.000
dcp  37.591 14.386 -27.841 1.000
dcp  41.091 13.636 -28.341 0.500
dcp  45.841 11.386 -29.841 1.000
dcp  49.341 9.636 -31.091 0.750
dcp  54.841 7.386 -33.841 1.000
dcp  58.591 4.886 -36.341 1.000
dcp  62.091 3.886 -37.841 0.250
dcp  65.841 1.636 -39.841 0.750
dcp  72.341 -0.864 -43.841 0.750
dcp  74.341 -4.364 -45.841 0.500
dcp  76.841 -4.614 -46.591 1.000
dcp  80.091 -6.114 -48.091 1.500
dcp  84.341 -7.614 -49.091 1.000
dcp  87.341 -8.364 -51.091 0.500
dcp  92.091 -10.864 -51.091 1.000
dcp  96.591 -12.864 -52.841 1.000
dcp  100.341 -15.114 -52.841 0.500
dcp  106.341 -16.364 -53.091 0.500
dcp  110.841 -18.364 -51.091 0.500
ne   113.591 -19.614 -48.341 0.500
mto  1.091 8.886 -0.841 0.250
scp  3.091 6.386 0.409 0.250
scp  3.591 4.886 0.409 0.250
scp  5.091 2.386 0.159 0.250
scp  5.591 -0.114 0.159 0.250
scp  5.591 -1.114 0.159 0.250
scp  5.091 -3.614 0.159 0.250
scp  4.091 -6.614 0.159 0.250
scp  2.591 -7.614 0.159 0.250
scp  2.091 -9.114 -0.091 0.250
scp  -0.409 -9.114 -0.091 0.250
scp  -2.409 -7.614 0.159 0.250
scp  -4.909 -5.614 0.159 0.250
scp  -4.909 -3.614 -0.091 0.250
scp  -5.409 -1.114 0.159 0.250
scp  -5.409 -0.114 -0.091 0.250
scp  -4.909 0.386 -0.091 0.250
scp  -4.409 2.886 -0.091 0.250
scp  -3.409 4.886 -0.341 0.250
scp  -2.409 6.886 -0.341 0.250
scp  -0.409 8.886 -0.091 0.250
ne   1.091 8.886 -0.091 0.250
