3d
mto           13        -86         -8         45
dcp           26       -111        -23         22
dcp           26       -146        -23         20
bp            28       -186        -18         25
dcp           18       -191        -18         10
dcp          -14       -216        -33         10
dcp          -47       -231        -13         10
dcp          -97       -271        -16         10
dcp         -132       -296        -28         10
dcp         -177       -321        -41         10
bp          -222       -334        -66         15
dcp         -227       -331        -78          5
dcp         -224       -331        -78         10
dcp         -247       -354       -101          8
dcp         -259       -381       -136         10
dcp         -262       -406       -201          5
dcp         -267       -436       -226          5
dcp         -277       -456       -253         10
dcp         -299       -476       -278         10
dcp         -312       -486       -298          5
dcp         -309       -486       -346         10
dcp         -339       -511       -378         10
dcp         -349       -539       -438         10
dcp         -357       -561       -473         10
dcp         -362       -566       -481          5
dcp         -394       -574       -501         10
dcp         -409       -569       -551          5
dcp         -409       -584       -586         10
dcp         -409       -596       -643         10
dcp         -409       -606       -666          5
dcp         -422       -634       -688          5
dcp         -427       -646       -698          5
dcp         -444       -666       -721         10
dcp         -467       -686       -748          5
dcp         -479       -711       -748         10
dcp         -477       -741       -761          5
dcp         -497       -759       -778          5
dcp         -519       -776       -793          5
mae         -527       -816       -831         15
dcp         -224       -331        -66         10
dcp         -257       -341        -71          5
dcp         -304       -369        -71          5
dcp         -352       -381        -81          5
dcp         -384       -401        -93         10
dcp         -424       -416       -111         10
dcp         -457       -441       -126         10
bp          -487       -466       -136         10
dcp         -514       -481       -136         10
dcp         -559       -486       -128          2
dcp         -599       -506       -121         10
dcp         -639       -531       -106         10
dcp         -664       -536       -101         10
dcp         -719       -576        -78         10
dcp         -717       -579        -83          8
dcp         -744       -591        -68         10
dcp         -784       -594        -53          5
dcp         -827       -616        -38          5
dcp         -867       -636        -36          5
dcp         -919       -654        -41         15
dcp         -944       -659        -46          5
dcp         -952       -666        -43         10
mae         -952       -696        -43          5
dcp         -487       -471       -133         10
dcp         -512       -491       -151          5
dcp         -532       -516       -166          5
dcp         -562       -526       -171          5
dcp         -592       -551       -181          5
dcp         -622       -581       -196          5
mae         -632       -591       -238          5
dcp           28       -191        -21         18
dcp           36       -214        -21         10
bp            38       -234        -16         20
dcp           36       -241        -18         10
dcp           33       -251        -21          5
dcp           33       -281        -16          5
dcp           38       -316        -18          5
dcp           41       -341        -16         10
dcp           43       -361        -16         18
bp            46       -381         -8         20
bp            43       -381        -33          5
dcp           43       -386        -38          5
dcp           51       -406        -38         10
dcp           51       -421        -53         10
dcp           48       -436        -53          5
dcp           43       -476        -53          5
dcp           38       -501        -63          5
dcp           38       -526        -61          5
dcp           26       -554        -61         10
dcp           18       -581        -61          5
dcp            6       -606        -81         10
dcp            1       -646       -113         10
dcp           -4       -671       -126         10
dcp            6       -711       -161         10
dcp            6       -726       -178         10
dcp            1       -751       -221         10
dcp           -7       -779       -236          8
dcp          -22       -791       -258          5
dcp          -29       -806       -286         10
dcp          -27       -826       -308         10
dcp           11       -851       -361         15
dcp           28       -871       -381          5
dcp           38       -896       -383          5
dcp           43       -936       -388          5
mae           53       -986       -388          5
dcp           38       -376        -16         10
dcp           33       -401         -8         10
dcp           21       -426         -8         10
dcp            8       -456         -8         18
dcp           -2       -486         -6         15
bp            -4       -519         -3         25
dcp           -2       -524          7          8
dcp           -7       -556         22          5
dcp            8       -596         32         15
dcp            8       -631         67         15
dcp           -4       -656         94         10
dcp           -4       -676        102         10
dcp          -24       -696        122          5
dcp          -29       -721        127          5
dcp          -19       -761        149         10
dcp          -19       -791        167         10
dcp          -12       -841        199         10
dcp          -14       -866        212          5
dcp            8       -906        234         15
dcp           -4       -941        247          5
dcp          -12       -961        257         10
dcp          -29       -971        269          5
dcp          -39       -986        272          5
dcp          -37      -1011        279          5
dcp          -57      -1039        289          5
dcp          -59      -1064        299         10
dcp          -67      -1089        304         10
dcp          -74      -1109        309         15
dcp          -99      -1144        329         10
dcp         -102      -1186        332         15
dcp         -114      -1206        322         10
dcp         -147      -1226        332         10
dcp         -169      -1254        354          5
mae         -197      -1269        369          5
dcp          -14       -514         -8         10
dcp          -34       -541        -13         10
dcp          -47       -569        -16          8
dcp          -54       -591        -36         10
dcp          -54       -621        -61         10
dcp          -34       -636        -73         10
dcp          -37       -676        -91         15
bp           -39       -686        -91         20
dcp          -47       -696        -91          5
dcp          -47       -716        -93          5
dcp          -52       -741        -86          5
dcp          -52       -781        -86          5
dcp          -57       -816        -96          5
dcp          -57       -846       -106          5
dcp          -64       -886       -101         10
dcp          -84       -926       -111         10
dcp          -92       -966        -93          5
dcp          -99      -1001        -91         10
dcp         -107      -1041        -78          5
dcp         -104      -1081        -68         10
dcp         -114      -1121        -81         10
dcp         -129      -1151        -81         10
dcp         -122      -1176        -73          5
mae         -107      -1201        -76          5
dcp          -32       -681       -106         18
dcp          -24       -696       -106         10
dcp          -14       -716       -131         10
dcp            6       -751       -148         10
dcp           13       -781       -166          5
dcp           18       -806       -176          5
dcp           33       -841       -183          5
dcp           43       -871       -201          5
dcp           53       -911       -216          5
dcp           68       -936       -228         15
dcp           86       -966       -233         10
dcp           96       -986       -256         10
dcp           96      -1001       -266         10
dcp          103      -1026       -276          5
dcp          118      -1056       -296          5
dcp          121      -1091       -301         10
dcp          128      -1116       -313          5
dcp          133      -1136       -326          5
dcp          133      -1174       -356          8
dcp          138      -1201       -378          5
dcp          133      -1251       -388          5
dcp          128      -1281       -401          5
dcp          113      -1306       -398          5
mae          108      -1331       -398          5
dcp           43       -376         -8         10
dcp           71       -396         -3         10
dcp           96       -436         -3         10
bp           106       -451          9         20
dcp          101       -461         12         10
dcp          101       -501         12         10
dcp          101       -531         12         10
dcp          111       -556          7         10
dcp          118       -591         12          5
dcp          141       -631         19         10
dcp          158       -661         27          5
dcp          186       -696         34         10
dcp          206       -716         47         10
dcp          233       -761         54          5
dcp          238       -781         59          5
dcp          238       -816         72          5
dcp          248       -846         72          5
dcp          271       -886         79         10
dcp          291       -921         77         10
dcp          298       -951         92          5
dcp          328       -986         99          5
dcp          348      -1026        112          5
dcp          363      -1041        107          5
dcp          391      -1066        107         10
dcp          408      -1091        107          5
dcp          433      -1141        102          5
dcp          443      -1196        112          5
dcp          436      -1219        132         10
dcp          458      -1259        137         10
dcp          466      -1281        139          5
dcp          478      -1306        147          5
dcp          468      -1346        137         15
dcp          481      -1339        157         15
dcp          516      -1374        187          5
dcp          533      -1419        202          5
mae          551      -1459        219          5
dcp          106       -456         12         15
dcp          121       -466         19         15
dcp          143       -496         22          5
dcp          153       -516         32          5
dcp          158       -551         52          5
dcp          186       -581         49         10
dcp          233       -616         52          5
dcp          243       -641         54          5
dcp          256       -671         67         10
dcp          288       -701         67          5
dcp          311       -736         67         10
dcp          353       -776         79          5
dcp          408       -811        102         10
dcp          463       -841        112          5
dcp          471       -851        132          2
dcp          481       -881        164          5
dcp          493       -896        177         10
mae          501       -906        182         15
dcp           41       -226        -18         15
dcp           58       -249         -1          8
dcp           86       -271         -1         15
dcp          106       -289         -3         10
bp           123       -299         -8         20
dcp          121       -306        -13         10
dcp          138       -341         -1          5
dcp          153       -391         -1          5
dcp          171       -411          4         10
dcp          191       -451         14         10
dcp          213       -496         37          5
dcp          233       -526         47          5
dcp          243       -556         52          5
dcp          251       -581         67         10
dcp          271       -616         87         10
dcp          273       -646        102         15
dcp          278       -644        122         15
dcp          306       -696        159          8
dcp          321       -719        174          5
dcp          336       -771        234         10
dcp          356       -801        264         10
dcp          386       -836        282          5
dcp          401       -859        299         15
dcp          426       -889        309         10
dcp          456       -924        334         10
dcp          468       -946        354         15
dcp          486       -966        359          5
dcp          501      -1001        382         10
dcp          506      -1021        399         10
dcp          516      -1046        399         10
dcp          536      -1079        422          5
dcp          556      -1119        429         10
dcp          593      -1166        442          5
dcp          611      -1196        462          5
dcp          648      -1246        472          5
dcp          663      -1284        474          5
dcp          691      -1314        487          5
dcp          711      -1364        499          5
dcp          716      -1389        487         10
mae          733      -1401        487          5
dcp          131       -294         -3         18
dcp          158       -304         -3          8
dcp          201       -311         -8         10
bp           223       -321         -1         10
dcp          243       -331         -3          5
dcp          273       -346          2         10
dcp          313       -371         12          5
dcp          348       -396         24          5
dcp          383       -416         47         10
dcp          431       -446         52         10
dcp          483       -481         79         10
dcp          548       -511         92          5
dcp          601       -531        107         10
dcp          606       -531        107         10
dcp          626       -546        127         10
dcp          663       -554        154         10
dcp          708       -566        187         10
dcp          733       -576        217          2
dcp          783       -571        229          5
dcp          823       -589        242         10
dcp          868       -586        244         10
dcp          918       -584        262         10
dcp          973       -571        272         10
dcp          998       -571        282         10
dcp         1023       -569        314         10
dcp         1076       -569        362         10
dcp         1096       -596        382          5
mae         1126       -606        392         10
dcp          226       -331        -16         10
bp           243       -346        -28         10
dcp          251       -346        -28         10
dcp          276       -366        -28         10
dcp          291       -381        -26         10
dcp          303       -411        -28          5
dcp          333       -449        -28          8
dcp          358       -466        -21         10
dcp          413       -481        -21         10
dcp          446       -499        -13          5
dcp          501       -539        -13          5
dcp          536       -556        -13          2
dcp          578       -581          2          5
dcp          608       -591          2          5
dcp          653       -604          4          8
dcp          683       -626         -6         10
dcp          728       -631         -6          5
dcp          781       -641         -1         10
dcp          831       -644          7          5
dcp          896       -644         -3          5
dcp          966       -644        -43          5
dcp         1031       -659        -33          5
dcp         1081       -666        -48         10
dcp         1136       -684        -63          5
dcp         1193       -686        -71          5
mae         1243       -696        -81          5
dcp          246       -356        -43         10
dcp          243       -381        -63          5
dcp          258       -394        -63          8
dcp          286       -396        -61         10
dcp          301       -421        -96         10
dcp          316       -441       -116         15
dcp          343       -456       -133         10
dcp          393       -476       -146          5
dcp          438       -486       -158          5
dcp          461       -491       -181         10
dcp          501       -491       -186         10
dcp          546       -521       -208         10
dcp          591       -521       -236         10
dcp          631       -531       -253         10
dcp          668       -554       -258          8
dcp          696       -571       -273         10
dcp          731       -579       -286          5
dcp          768       -581       -306          5
dcp          813       -596       -318         10
dcp          866       -611       -346         10
dcp          916       -619       -393          5
dcp          956       -636       -406         10
dcp         1013       -681       -443          5
dcp         1031       -701       -453         10
mae         1046       -726       -488         10
mto           16        -11         47         32
dcp           41        -19         67         18
dcp           61        -26        107         22
dcp           81        -39        117         10
dcp           46        -14        137         15
bp            58        -21        157         35
dcp           68        -14        142         15
dcp           93        -19        157          8
dcp          118        -24        174         15
dcp          166        -36        194         15
bp           181        -36        202         15
dcp          193        -36        202         10
dcp          213        -46        214         10
dcp          253        -61        217         10
dcp          278        -76        227          5
dcp          303        -84        219         10
bp           333        -86        222          2
dcp          336        -89        217          8
dcp          356        -86        219          5
dcp          391        -71        212          8
dcp          418        -71        204          5
dcp          446        -56        192          5
dcp          486        -36        189         10
dcp          516        -41        189          5
dcp          541        -49        179         10
dcp          568        -56        174         10
dcp          591        -64        167          8
dcp          616        -71        162         10
dcp          651        -84        147         10
dcp          693       -106        139         10
dcp          726       -114        142          5
dcp          761       -119        139         10
dcp          758       -111        154          8
dcp          793       -111        179          5
dcp          853       -101        202         15
dcp          908       -116        209          5
dcp          961       -119        214         10
dcp          998       -114        229          8
dcp         1033       -109        247          5
dcp         1066        -81        252          5
dcp         1096        -66        242          5
dcp         1146        -51        262          5
dcp         1156        -39        297          5
dcp         1196        -49        334         15
dcp         1231        -46        367          5
dcp         1268        -56        387          5
mae         1313        -76        422         15
dcp          336        -96        227         10
dcp          358       -129        227          8
dcp          398       -149        229          5
dcp          426       -174        229         10
dcp          471       -201        242          5
dcp          488       -214        242         10
dcp          526       -226        247          8
bp           561       -259        252         15
dcp          576       -261        257         10
dcp          601       -256        254         10
dcp          636       -254        249         10
dcp          673       -254        252         10
dcp          716       -261        262          2
dcp          751       -266        274         10
dcp          798       -269        299          5
dcp          851       -279        309          5
dcp          881       -279        322          5
dcp          923       -274        327          5
dcp          956       -276        332          2
dcp          973       -291        337         10
mae          996       -316        349          5
dcp          561       -264        252         10
dcp          578       -286        254         15
dcp          603       -316        267         10
dcp          631       -351        267          5
dcp          641       -369        277          2
dcp          646       -384        274         15
dcp          658       -419        279          5
dcp          671       -474        287          5
dcp          688       -509        294         15
dcp          693       -534        294         15
dcp          706       -571        294         15
dcp          713       -596        292          2
dcp          726       -626        297          2
dcp          758       -664        297          8
dcp          796       -689        302          5
dcp          828       -694        304         10
dcp          841       -691        294         10
dcp          883       -741        282          5
dcp          928       -774        302          5
dcp          971       -799        322          8
dcp          996       -836        347         15
dcp         1008       -856        359         10
dcp         1063       -899        382          5
mae         1068       -909        394         10
dcp          166        -26        222         15
dcp          198        -21        242         10
dcp          226        -21        259         10
bp           236        -19        269         15
dcp          236        -21        299         10
dcp          261        -21        314         15
dcp          266        -34        337         10
dcp          281        -39        367         10
dcp          298        -51        384          8
dcp          318        -81        412         15
dcp          346        -81        444         10
dcp          368        -89        479          5
dcp          388        -99        519         10
dcp          401       -106        539         15
dcp          421       -129        567         10
dcp          421       -154        589         20
dcp          403       -169        639         10
dcp          386       -164        674         20
dcp          368       -161        702         10
dcp          341       -166        732         10
dcp          338       -179        804          8
dcp          351       -174        824         10
dcp          376       -186        877          5
dcp          403       -201        904         10
dcp          428       -199        927          5
dcp          428       -181        952         10
dcp          441       -164        977          5
dcp          458       -151        992          5
dcp          451       -146       1017         10
dcp          458       -146       1062          5
dcp          478       -146       1109         10
dcp          483       -156       1152          5
dcp          491       -169       1192          5
dcp          498       -176       1237          5
dcp          476       -196       1302         10
dcp          486       -214       1339          5
mae          508       -246       1362          5
dcp          236        -21        282         10
dcp          271        -19        284         10
dcp          311        -14        287          2
dcp          336         -1        287         10
dcp          361         14        287         15
dcp          411         41        314         10
dcp          456         74        327         10
dcp          461         94        327         15
dcp          503        121        332         10
dcp          506        146        334          5
dcp          496        169        334          5
dcp          498        211        314          5
dcp          496        244        317         10
dcp          508        276        317         10
dcp          516        296        317         10
dcp          551        286        347          5
dcp          588        276        354          5
dcp          628        271        384         10
dcp          658        291        379         10
dcp          691        294        387          5
dcp          733        314        387         10
dcp          761        326        379          5
dcp          781        339        379          5
dcp          818        389        372          5
dcp          858        444        379          2
dcp          873        471        369          5
mae          901        481        359         10
dcp           33        -24        187         15
dcp           33        -64        222         15
bp            41        -89        242         15
dcp           43        -94        247         10
dcp           76       -106        274         10
dcp           88       -116        297         10
dcp          111       -136        344         10
bp           121       -156        372         15
dcp          121       -166        377         10
dcp          111       -186        394         10
dcp          121       -201        419         15
dcp          116       -206        444         15
dcp          101       -216        502         15
dcp           78       -211        559         10
dcp           73       -216        599          2
dcp           68       -199        652         15
dcp           58       -206        739          5
dcp           43       -229        782         10
dcp           46       -249        824         15
dcp           46       -254        832         10
dcp           46       -244        852         10
dcp           38       -254        907         10
dcp           23       -256        959          5
dcp          -17       -261        979          5
dcp          -44       -259        984         10
dcp          -84       -251        989         10
dcp         -117       -239       1027         10
dcp         -142       -229       1072         10
dcp         -144       -221       1117         10
dcp         -142       -244       1142          5
dcp         -139       -249       1187         10
dcp         -147       -251       1222         10
dcp         -157       -266       1269          5
dcp         -149       -281       1294          5
mae         -167       -299       1309         10
dcp          131       -161        374          5
dcp          146       -184        394          2
dcp          168       -204        427         10
dcp          178       -224        444         10
dcp          211       -246        467         10
dcp          231       -264        489         10
dcp          261       -301        534         10
dcp          273       -324        559         10
dcp          328       -339        594          5
dcp          366       -364        624          8
dcp          408       -376        652          8
dcp          441       -404        679         10
dcp          488       -431        732         10
dcp          523       -436        799          5
dcp          528       -436        824          5
dcp          538       -436        844          5
dcp          571       -469        887          5
dcp          588       -489        904          5
dcp          598       -506        909          5
dcp          616       -524        924          5
dcp          638       -556        947          5
dcp          661       -596        954          5
dcp          666       -619        989          5
dcp          671       -641       1012          8
mae          673       -661       1007          5
dcp           33        -94        247         15
dcp           28       -114        252         10
bp            31       -134        262         22
dcp           21       -144        274         10
dcp            3       -161        287         10
dcp          -12       -181        319         15
dcp          -32       -196        347         10
dcp          -49       -216        369         10
dcp          -67       -229        379         10
dcp          -94       -251        402          8
dcp         -117       -269        427         10
dcp         -132       -294        449          8
dcp         -147       -306        464          5
dcp         -149       -319        474          8
dcp         -182       -339        494         10
dcp         -217       -346        494          5
dcp         -239       -364        502          5
dcp         -252       -389        507          8
dcp         -277       -404        517          8
dcp         -307       -419        524         15
dcp         -322       -444        544          5
dcp         -344       -496        579         15
dcp         -357       -514        599          5
dcp         -382       -546        624         10
dcp         -384       -566        652         10
dcp         -397       -586        652         10
dcp         -417       -619        692         10
dcp         -409       -661        722         10
dcp         -407       -696        739         15
dcp         -404       -746        792         25
dcp         -409       -749        857          8
dcp         -432       -756        877          5
dcp         -429       -759        899         10
dcp         -432       -761        934          5
dcp         -437       -774        944          5
dcp         -457       -769        964          5
dcp         -472       -774        977         10
dcp         -519       -774        997         10
dcp         -567       -774       1014          5
dcp         -592       -764       1019          5
dcp         -589       -804       1039          5
dcp         -587       -819       1059          5
dcp         -599       -846       1109          8
dcp         -622       -874       1154         10
mae         -654       -866       1187         10
dcp           36       -144        277          2
dcp           33       -174        277         18
dcp           28       -206        282         20
dcp           28       -234        282         20
dcp           18       -269        289          5
dcp           13       -289        289         15
dcp            3       -326        292         10
dcp            6       -351        302         15
dcp           16       -389        304         10
bp            18       -404        302         25
dcp           11       -404        297         10
dcp           -4       -421        302         10
dcp           -4       -459        307         25
dcp          -12       -481        314         10
dcp          -19       -511        332         10
dcp          -32       -541        347          5
dcp          -32       -591        372         10
dcp          -49       -626        402          5
dcp          -69       -674        434         20
dcp          -79       -709        464          5
dcp          -77       -734        482         10
dcp          -72       -774        504         15
dcp          -74       -794        517         10
dcp          -64       -844        569          5
dcp          -52       -869        599         10
dcp          -44       -889        614         15
dcp          -44       -921        662         10
dcp          -49       -949        712         15
dcp          -47       -999        747         10
dcp          -49      -1026        759         20
dcp          -72      -1059        772         10
dcp          -92      -1104        814         10
dcp         -102      -1119        854         10
dcp         -114      -1131        874          5
dcp         -132      -1146        914         10
dcp         -134      -1166        942         10
mae         -127      -1204        967          5
dcp           18       -404        299          5
dcp           46       -444        307          5
dcp           66       -479        317          5
dcp           83       -494        327         10
dcp          121       -541        339         15
dcp          151       -569        347         15
dcp          181       -609        359          5
dcp          196       -639        369          2
dcp          238       -686        379          2
dcp          276       -709        392          5
dcp          296       -734        412          5
dcp          328       -761        414          8
dcp          353       -774        412          8
dcp          381       -801        429          2
dcp          413       -839        449         10
dcp          471       -906        472         15
dcp          513       -981        494         10
dcp          558      -1019        492         15
dcp          586      -1069        499          5
mae          601      -1091        499          5
mto          -57        -29         -1         55
dcp          -64        -31        -13         40
bp           -87        -36        -13         40
dcp          -94        -21        -21         10
dcp         -134        -31        -23         10
dcp         -169        -21        -41         10
dcp         -189        -21        -63         10
dcp         -209        -34        -76         15
bp          -224        -44       -116         15
dcp         -227        -41       -126          5
dcp         -232        -36       -141          5
dcp         -237        -26       -161          5
dcp         -247        -21       -188         10
dcp         -257          1       -211          8
dcp         -272          9       -226         10
dcp         -294         19       -251         15
bp          -314         39       -271         10
dcp         -317         49       -273          5
dcp         -324         66       -301         10
dcp         -317         89       -316          5
dcp         -324        106       -351         10
dcp         -319        119       -388         10
dcp         -334        124       -433         10
dcp         -339        124       -466         10
dcp         -362        139       -486          5
dcp         -354        151       -533         10
dcp         -374        154       -583         15
dcp         -377        174       -611         10
dcp         -389        189       -651         10
dcp         -389        209       -678         10
dcp         -399        231       -711          5
dcp         -422        256       -746         10
dcp         -424        261       -786          8
dcp         -407        234       -826          5
dcp         -379        229       -871         10
dcp         -359        209       -911          5
mae         -334        231       -956          5
dcp         -319         39       -273          2
dcp         -354         56       -273         15
dcp         -382         74       -276         10
dcp         -402         94       -278          5
dcp         -429        119       -276         10
dcp         -462        129       -291          5
dcp         -497        141       -293         15
dcp         -539        154       -301         10
dcp         -579        164       -296         10
dcp         -624        189       -311         10
dcp         -659        179       -341         10
dcp         -694        169       -336         10
dcp         -719        151       -348         15
dcp         -754        154       -368         10
dcp         -799        169       -373         10
dcp         -844        179       -391         10
dcp         -879        169       -398         10
dcp         -924        186       -421          5
dcp         -974        196       -438         15
mae        -1004        179       -473         10
dcp         -239        -49       -106         10
dcp         -252        -59       -108         15
dcp         -282        -71       -113         10
bp          -287        -71       -131         18
dcp         -302        -71       -126         10
dcp         -334        -64       -138          5
dcp         -374        -56       -151         10
bp          -394        -54       -158         15
dcp         -397        -49       -156          8
dcp         -412        -31       -166         10
dcp         -449          1       -181         10
dcp         -507         41       -196          8
dcp         -557         74       -228         10
dcp         -589        114       -256         15
dcp         -637        124       -273          5
dcp         -669        129       -281         10
dcp         -709        139       -271         10
dcp         -727        151       -271         15
dcp         -762        154       -271         10
dcp         -794        174       -291         10
dcp         -819        189       -298         10
dcp         -867        229       -296          5
dcp         -887        259       -306         10
dcp         -902        279       -318          5
dcp         -932        304       -331          5
dcp         -969        314       -328         10
dcp        -1004        314       -341         10
dcp        -1059        324       -341         10
dcp        -1102        331       -346          8
dcp        -1147        354       -356         10
dcp        -1189        371       -376          5
dcp        -1204        371       -373          5
mae        -1232        394       -373          5
dcp         -397        -61       -146          5
dcp         -414        -66       -153          2
dcp         -434        -64       -153          5
dcp         -459        -71       -158         10
dcp         -497        -86       -161          5
dcp         -519        -96       -171         10
dcp         -544       -104       -171          5
dcp         -567       -101       -166          5
dcp         -589       -104       -168          5
dcp         -639        -94       -168         15
dcp         -687        -96       -178         10
dcp         -729       -111       -178         10
dcp         -764       -104       -178          5
dcp         -802       -104       -166          8
dcp         -837        -91       -173          5
dcp         -904        -89       -166          5
dcp         -937        -86       -151          5
dcp         -977        -76       -141          5
dcp        -1029        -64       -133          5
dcp        -1082        -64       -126          8
dcp        -1107        -61       -126          5
dcp        -1152        -64       -126          8
dcp        -1204        -56       -113         10
dcp        -1224        -56       -113         10
dcp        -1249        -64       -113          5
dcp        -1279        -64        -88          5
dcp        -1309        -56        -63         10
dcp        -1344        -71        -43         10
dcp        -1379        -81        -43         10
dcp        -1419        -81        -33         10
dcp        -1464        -81        -41         10
mae        -1507        -86        -23          5
dcp         -302        -76       -116         15
dcp         -302        -91       -121          5
dcp         -307       -116       -131          5
dcp         -307       -126       -131          5
dcp         -302       -141       -136          5
dcp         -307       -169       -146          8
dcp         -312       -181       -153          5
dcp         -317       -206       -156          5
dcp         -324       -231       -171         10
dcp         -324       -246       -176         10
dcp         -339       -271       -181         10
dcp         -352       -286       -186          5
dcp         -357       -301       -191          5
dcp         -354       -336       -196         10
bp          -352       -366       -206         15
dcp         -359       -371       -211         10
dcp         -377       -386       -233         10
dcp         -387       -401       -241          5
dcp         -409       -419       -266          5
dcp         -429       -424       -301         15
dcp         -484       -426       -326         10
dcp         -514       -436       -361         10
dcp         -552       -456       -391          5
dcp         -577       -471       -411          5
dcp         -607       -484       -423          8
dcp         -634       -491       -441         10
dcp         -654       -506       -453         10
dcp         -669       -524       -473         10
dcp         -697       -529       -483          5
dcp         -744       -551       -483          5
mae         -782       -581       -531          5
dcp         -349       -366       -206         10
dcp         -344       -391       -188         10
dcp         -349       -419       -173         10
dcp         -357       -441       -173          5
dcp         -352       -461       -168          5
dcp         -349       -496       -168         10
dcp         -349       -536       -163         10
dcp         -362       -566       -166          5
dcp         -397       -586       -171          5
dcp         -407       -626       -161          5
dcp         -427       -666       -151          5
dcp         -447       -686       -133         10
dcp         -469       -731       -133         10
dcp         -489       -776       -141         10
dcp         -497       -801       -133          5
dcp         -492       -841       -136          5
dcp         -482       -876       -131          5
dcp         -462       -916       -131          5
dcp         -452       -946       -126          5
dcp         -447       -986       -116          5
dcp         -442      -1021       -118          5
dcp         -429      -1051       -118         10
dcp         -424      -1066       -126         10
dcp         -422      -1086       -126          5
dcp         -412      -1116       -138          5
dcp         -397      -1151       -141          5
dcp         -389      -1166       -161         10
dcp         -387      -1191       -161          5
mae         -372      -1236       -168          5
dcp         -107        -36         17         20
dcp         -127        -61         17          5
dcp         -154        -81         17         10
dcp         -182       -111         17         10
dcp         -202       -129         12          8
dcp         -217       -156          4          5
dcp         -232       -181         -1          5
dcp         -244       -201        -13         15
dcp         -262       -216        -28         18
bp          -264       -234        -36         20
dcp         -259       -236        -36         10
dcp         -249       -271        -48         10
dcp         -232       -301        -53          5
dcp         -222       -341        -58          5
dcp         -207       -391        -56          5
dcp         -202       -421        -43          5
dcp         -192       -461        -43          5
dcp         -177       -486        -43          5
dcp         -172       -521        -48          5
dcp         -167       -551        -38          5
dcp         -159       -586        -43         10
dcp         -152       -626        -21          5
dcp         -139       -651         -8         10
dcp         -124       -681         -8         10
bp          -119       -711          4         10
dcp         -112       -721          2          5
dcp         -107       -746         -6          5
dcp          -94       -776         -6         10
dcp          -74       -816         -8         10
dcp          -57       -841         -8          5
dcp          -42       -876        -11         15
dcp          -37       -916        -13          5
dcp          -29       -946        -26         10
dcp          -27       -981        -18          5
dcp          -24      -1011        -28         10
dcp          -17      -1061        -38          5
dcp          -14      -1091        -61         10
dcp          -12      -1126        -83          5
dcp          -14      -1156        -81         10
dcp           -7      -1196        -68          5
dcp          -17      -1221        -68          5
dcp           -7      -1251        -68          5
dcp           -4      -1271        -66         10
mae           33      -1296        -48          5
dcp         -119       -721         14         10
dcp         -117       -736         17          5
dcp         -112       -771         29          5
dcp          -97       -796         52          5
dcp          -97       -816         57          5
dcp          -84       -851         64         10
dcp          -62       -881         62          5
dcp          -52       -906         69          5
dcp          -24       -941         67         10
dcp           -7       -971         59          5
dcp           28       -996         54          5
dcp           43      -1036         57          5
dcp           63      -1056         62         10
dcp           83      -1086         74          5
dcp          103      -1116         92          5
mae          138      -1136        102         10
dcp         -269       -229        -28         18
dcp         -287       -239        -36         15
dcp         -309       -256        -51         10
bp          -312       -266        -53         10
dcp         -319       -266        -61         10
dcp         -344       -274        -61          5
dcp         -374       -274        -61          5
dcp         -399       -281        -63         10
dcp         -439       -304        -63         15
dcp         -459       -306        -76         10
dcp         -502       -319        -76         15
dcp         -524       -339        -63         10
dcp         -539       -371        -66         10
dcp         -564       -371        -66         10
dcp         -602       -379        -61          8
dcp         -639       -396        -53         10
dcp         -679       -411        -61         10
dcp         -707       -431        -73          5
dcp         -727       -461        -63          5
dcp         -764       -466        -61         10
dcp         -819       -466        -63         10
dcp         -844       -466        -61         10
dcp         -879       -476        -63         10
dcp         -912       -481        -63          5
dcp         -949       -484        -66          5
dcp         -977       -499        -63          8
dcp        -1019       -499        -63          5
dcp        -1049       -499        -53          5
dcp        -1074       -516        -43         10
dcp        -1109       -531        -31         10
dcp        -1159       -541        -21         10
dcp        -1199       -541        -31         10
dcp        -1237       -541        -36         10
dcp        -1267       -531        -48         10
dcp        -1314       -556        -51         10
dcp        -1349       -571        -63         10
dcp        -1379       -581        -68         10
dcp        -1419       -599        -78         15
dcp        -1452       -611        -73         10
mae        -1477       -606        -76          5
dcp         -312       -269        -56          8
dcp         -317       -286        -53          5
dcp         -319       -314        -56         10
dcp         -322       -356        -63          5
dcp         -312       -381        -63          5
dcp         -307       -401        -81          5
bp          -302       -416        -86         15
dcp         -302       -431        -78          5
dcp         -302       -441        -78          5
dcp         -297       -456        -73          5
dcp         -297       -481        -68          5
dcp         -297       -511        -51          5
dcp         -307       -536        -43          5
dcp         -304       -561        -43         10
dcp         -312       -576        -33          5
dcp         -304       -601        -28         10
dcp         -279       -631        -11         10
dcp         -297       -661        -16         10
dcp         -314       -669        -11          5
dcp         -322       -681          4          5
dcp         -317       -711         19          5
dcp         -317       -751         34          5
dcp         -312       -786         42          5
dcp         -307       -826         54          5
dcp         -302       -876         62          5
dcp         -297       -906         67          5
dcp         -302       -946         74          5
dcp         -297       -971         74          5
mae         -277       -986         62          5
dcp         -307       -421        -81          5
dcp         -307       -461       -116          5
dcp         -297       -496       -128          5
dcp         -299       -526       -126         10
dcp         -299       -566       -138         10
dcp         -317       -601       -128          5
dcp         -319       -656       -131         10
dcp         -327       -701       -116         10
dcp         -312       -746        -93          5
dcp         -307       -786        -83          5
dcp         -302       -826        -81          5
dcp         -282       -866        -68          5
dcp         -292       -896        -68         10
dcp         -294       -931        -68         10
dcp         -297       -961        -68          5
dcp         -289      -1001        -63         10
dcp         -297      -1046        -51          5
dcp         -292      -1086        -36          5
dcp         -302      -1131        -26          5
dcp         -312      -1191          4          5
mae         -312      -1236         -8          5
mto            6         89          4         20
dcp            6        104         -8         10
dcp            3        129         -6          5
bp             3        149         -6         15
dcp           -2        159         -6          5
dcp          -19        184         -6         10
dcp          -27        199        -11          5
bp           -37        249        -28          5
dcp          -34        249         29         10
bp           -37        249         39          5
dcp          -22        239        107          5
dcp            6        251        127          5
dcp           16        261        149         10
dcp           21        261        182         10
dcp           28        264        214         15
dcp           41        261        237         10
dcp           53        254        257          5
bp            68        269        257         10
dcp           66        269        282         15
dcp           61        269        317         15
dcp           53        261        349         10
dcp           48        269        369         10
dcp           48        281        389         10
dcp           43        291        389         10
dcp           36        306        407          5
dcp           23        321        424          5
dcp           13        346        447          5
dcp            8        371        454         15
dcp          -22        379        474         10
dcp          -29        389        504         10
dcp          -52        404        529         10
dcp          -49        409        564         15
dcp          -72        396        602         10
dcp          -67        384        649         10
dcp          -69        379        697         10
dcp          -82        371        749         10
mae          -94        371        779         15
dcp           58        279        277         15
dcp           78        299        289         10
dcp          108        311        334         10
dcp          123        346        354         10
dcp          136        391        367          5
dcp          146        406        389         15
dcp          168        431        402         10
dcp          186        459        409         10
dcp          203        471        424          8
dcp          226        509        429          5
dcp          228        526        437          5
dcp          258        551        442          2
dcp          256        569        447          5
dcp          281        581        447          2
dcp          283        601        459         10
dcp          308        634        484          2
dcp          311        664        494          5
dcp          318        704        514          5
dcp          328        729        517          5
dcp          346        749        529         15
dcp          358        759        534         10
dcp          383        761        542         10
mae          423        759        539          2
dcp          -39        251         62          5
dcp          -47        264         72          5
dcp          -67        289         82          5
dcp          -72        299        114          5
dcp          -82        326        134         15
dcp          -97        341        144         15
dcp          -99        356        154         10
dcp         -122        391        167          2
dcp         -139        404        169         15
dcp         -172        434        197          5
dcp         -169        459        207         10
dcp         -174        494        214         10
dcp         -182        524        234         10
dcp         -209        561        249         10
dcp         -252        596        259         15
dcp         -292        611        269          8
dcp         -327        626        282         10
dcp         -392        664        297         10
dcp         -457        691        322          5
dcp         -502        721        334          5
dcp         -534        726        339         15
dcp         -599        751        367         10
dcp         -674        779        392          5
dcp         -707        791        427         10
dcp         -762        809        434         15
mae         -784        814        457         10
dcp          -37        236         -1          8
dcp          -47        289        -16          5
dcp          -67        329         -6          5
dcp          -84        384        -26         10
dcp          -94        434        -18         10
dcp         -124        484        -36         10
dcp         -132        514        -36          5
dcp         -137        549        -38          5
dcp         -137        579        -51          5
dcp         -137        609        -56          5
dcp         -147        649        -66          5
dcp         -152        674        -66          5
dcp         -169        709        -71         10
dcp         -167        724        -83          5
dcp         -169        754        -91         10
dcp         -162        779       -103          5
dcp         -164        819       -103         10
dcp         -164        859       -123         10
dcp         -169        884       -131         10
dcp         -164        919       -143         10
dcp         -162        959       -151          5
dcp         -167        999       -158          5
dcp         -169       1029       -166         10
dcp         -157       1064       -178          5
dcp         -152       1094       -183          5
dcp         -152       1134       -188          5
dcp         -154       1159       -203         10
dcp         -157       1199       -203          5
dcp         -172       1219       -213         10
mae         -169       1221       -218         10
dcp            6        154         -6         10
dcp           41        179        -16         10
dcp           61        189        -28         10
bp            81        196        -41          5
dcp           83        211        -51          8
dcp          101        229        -53         15
bp           106        231        -58         15
bp           108        239        -66          5
dcp          103        239        -66          5
dcp          108        254        -78          5
dcp          108        276       -133          8
dcp          106        294       -161         10
dcp          121        304       -188         10
dcp          121        329       -236         10
dcp          108        356       -263          8
dcp           98        381       -298          8
dcp          101        389       -346         10
dcp           81        434       -368         10
dcp           68        464       -396         15
dcp           48        486       -426          8
dcp           31        499       -438         10
dcp           18        529       -458         15
dcp            6        549       -511         10
dcp          -22        571       -556          5
dcp          -29        591       -588         10
dcp          -44        619       -613          5
dcp          -62        646       -651         10
dcp          -87        664       -678          5
dcp          -97        679       -701         10
dcp         -117        699       -713         10
mae         -134        744       -751          5
dcp          113        236        -61          8
dcp          141        259        -83         10
dcp          153        284        -98         10
dcp          181        294       -138         10
dcp          203        304       -153          5
dcp          216        316       -168          5
dcp          236        344       -183         10
dcp          238        354       -226         15
dcp          248        374       -263         10
dcp          268        389       -303         10
dcp          276        399       -323         10
dcp          276        439       -343         15
dcp          278        464       -371          5
dcp          276        489       -398         10
dcp          268        514       -433          5
dcp          261        511       -453         10
dcp          246        544       -493         10
dcp          251        554       -511         10
dcp          266        564       -543         10
dcp          271        576       -576         10
dcp          283        599       -618          5
dcp          311        599       -648          5
dcp          306        621       -678         10
mae          318        611       -706          2
dcp          111        229        -53         10
dcp          131        229        -51         10
dcp          166        244        -53         10
dcp          208        259        -71         10
dcp          231        269        -78         10
dcp          261        284       -106         10
dcp          316        301       -121          5
dcp          341        309       -138         10
dcp          371        324       -168         10
dcp          403        324       -183         10
dcp          453        349       -203         10
dcp          498        374       -211         10
dcp          536        384       -211          2
dcp          556        389       -213         10
dcp          563        409       -216          5
dcp          573        434       -211          5
dcp          583        449       -211          5
dcp          603        484       -201          5
dcp          598        499       -203          5
dcp          603        514       -196          5
dcp          618        529       -198          5
dcp          631        564       -198         10
dcp          648        594       -203          5
dcp          656        614       -201         10
dcp          673        644       -183          5
dcp          703        664       -173         10
dcp          718        689       -168         10
dcp          748        696       -173          8
dcp          766        699       -173          2
dcp          786        704       -173         10
dcp          806        719       -173         10
dcp          836        729       -173         10
dcp          836        739       -171         10
dcp          838        754       -171          5
dcp          826        774       -163         10
mae          783        819       -176          5
dcp           78        189        -31          5
dcp          103        184        -38          5
dcp          136        179        -66         10
dcp          161        169        -83         10
dcp          208        166       -111         15
dcp          253        154       -156         10
dcp          273        136       -201          8
bp           308        126       -251         15
dcp          318        136       -268          8
dcp          336        136       -318         10
dcp          351        129       -386         10
dcp          366        121       -436          5
dcp          381        116       -456         15
dcp          416        114       -463          5
dcp          448         96       -483          5
dcp          488         81       -491          8
dcp          531         81       -516         10
dcp          566         76       -531          5
dcp          596         76       -561          5
dcp          616         84       -581          5
dcp          651         91       -591         10
dcp          676        106       -611         15
dcp          708         99       -623          5
dcp          738        109       -636         10
dcp          766        114       -653         10
dcp          811         94       -711         10
dcp          846        101       -788         10
mae          908         79       -856         10
dcp          321        129       -266         10
dcp          336        136       -258          5
dcp          356        144       -273         10
dcp          376        144       -278         10
dcp          411        136       -283          5
dcp          458        114       -298         10
dcp          493         96       -311          8
dcp          548         74       -338         10
dcp          586         49       -363         10
dcp          621         39       -378          2
dcp          658         16       -398          8
dcp          723         -9       -438          8
dcp          743        -44       -458          5
dcp          768        -46       -466         10
dcp          801        -61       -481         15
dcp          843        -76       -491         10
dcp          873        -84       -511          5
dcp          921       -109       -511         10
dcp          966       -129       -528         10
dcp         1003       -151       -528          5
dcp         1063       -164       -531          5
dcp         1108       -184       -511          5
mae         1136       -196       -483          5
mto           11         89         -8          2
scp           31         64          4          2
scp           36         49          4          2
scp           51         24          2          2
scp           56         -1          2          2
scp           56        -11          2          2
scp           51        -36          2          2
scp           41        -66          2          2
scp           26        -76          2          2
scp           21        -91         -1          2
scp           -4        -91         -1          2
scp          -24        -76          2          2
scp          -49        -56          2          2
scp          -49        -36         -1          2
scp          -54        -11          2          2
scp          -54         -1         -1          2
scp          -49          4         -1          2
scp          -44         29         -1          2
scp          -34         49         -3          2
scp          -24         69         -3          2
scp           -4         89         -1          2
mae           11         89         -1          2
