3d
mto          -35         66         12         65
dcp          -52        129          8         35
dcp          -79        249         -8         30
bp           -83        300         -1         52
dcp          -96        301         -2         18
dcp         -125        334        -18         22
bp          -150        398        -24         35
dcp         -158        394        -26         15
dcp         -216        435        -35         15
bp          -297        509        -39         15
dcp         -302        516        -38          8
dcp         -313        541        -75         10
dcp         -358        609       -110         15
dcp         -393        658       -141         15
dcp         -436        685       -178         10
dcp         -456        682       -202         15
dcp         -494        713       -255         10
dcp         -531        741       -310         15
dcp         -571        774       -360         15
dcp         -626        809       -402         18
dcp         -677        871       -442         20
dcp         -734        933       -485         15
dcp         -798       1004       -548         15
dcp         -850       1062       -651         15
dcp         -922       1105       -742         10
bp          -922       1105       -742         10
dcp         -934       1112       -777          5
dcp         -949       1117       -799          5
dcp        -1031       1184       -895          5
bp         -1080       1220       -970         10
dcp        -1089       1235       -977          5
dcp        -1116       1298      -1022          5
dcp        -1126       1329      -1054          5
dcp        -1160       1368      -1150         10
dcp        -1193       1357      -1247         10
dcp        -1220       1393      -1324         10
mae        -1265       1428      -1362         10
dcp        -1091       1233       -986          5
dcp        -1129       1280       -997         10
dcp        -1181       1334      -1041         10
dcp        -1254       1398      -1112          5
dcp        -1347       1446      -1186          5
dcp        -1408       1468      -1224          5
dcp        -1468       1493      -1242         10
dcp        -1509       1507      -1262         10
dcp        -1573       1512      -1294         10
dcp        -1689       1542      -1331         10
dcp        -1758       1571      -1357          5
mae        -1817       1587      -1386          5
dcp         -922       1104       -739         10
dcp         -944       1127       -744         10
dcp        -1002       1180       -782         10
dcp        -1038       1246       -775         22
dcp        -1057       1287       -788          5
dcp        -1137       1359       -800          5
bp         -1229       1444       -816         10
dcp        -1293       1468       -853         10
mae        -1345       1497       -852          5
dcp        -1257       1449       -818         10
dcp        -1313       1477       -833         10
dcp        -1403       1534       -827         10
dcp        -1492       1580       -813          5
dcp        -1629       1681       -803         10
dcp        -1685       1722       -815          5
bp         -1731       1753       -818          8
dcp        -1775       1813       -845          5
dcp        -1847       1883       -890          5
mae        -1907       1962       -899          8
dcp        -1790       1811       -824          5
dcp        -1836       1858       -825          5
dcp        -1902       1918       -805          5
dcp        -1913       1955       -818          5
mae        -1923       1980       -811          5
dcp         -310        500        -38         10
dcp         -328        527         -5         10
dcp         -366        545         24          8
bp          -395        571         58         15
dcp         -400        584         63         18
dcp         -418        599         86         10
dcp         -437        623        123         10
dcp         -491        667        176         15
dcp         -543        722        205          8
dcp         -567        782        245         10
dcp         -595        847        271          8
dcp         -599        914        312         20
dcp         -582        998        368         10
dcp         -597       1090        410          5
mae         -584       1196        494         10
dcp         -406        571         65         10
dcp         -453        572         70          8
dcp         -507        574         88          8
dcp         -563        578         95         10
bp          -602        565         87         10
dcp         -612        567         97         10
dcp         -650        563        100         15
dcp         -717        579        124         10
dcp         -810        635        120          5
dcp         -873        671        106         15
dcp         -905        696         85         10
dcp         -942        712         85         10
dcp         -989        723         85         10
dcp        -1042        739         85          8
dcp        -1107        760         88         10
dcp        -1199        817         81          5
dcp        -1243        829         97          8
dcp        -1335        858         88          8
dcp        -1381        894         95          5
mae        -1463        967        106         10
dcp         -614        558         90         10
dcp         -673        508         81         20
dcp         -692        503         72         10
dcp         -773        511         55         18
dcp         -852        491         57         10
dcp         -915        479         49          8
dcp         -977        483         36          5
dcp        -1038        506         -2          5
dcp        -1099        504        -54         10
dcp        -1175        503        -94         10
mae        -1205        473       -138          5
dcp         -152        395         -9         10
dcp         -159        475        -19         10
dcp         -167        552        -35         15
dcp         -197        646        -72         15
dcp         -221        732        -95         15
dcp         -226        767       -108         15
dcp         -235        790       -124         15
dcp         -239        854       -159         10
dcp         -262        945       -178         15
dcp         -291       1050       -238         15
bp          -303       1082       -250         15
dcp         -293       1091       -247          5
dcp         -289       1119       -232         10
dcp         -275       1184       -222          5
dcp         -219       1245       -276          8
dcp         -190       1313       -313          5
dcp         -136       1369       -371          5
dcp          -72       1472       -512         10
dcp          -38       1532       -556         10
mae          -46       1592       -602          8
dcp         -305       1085       -257          5
dcp         -346       1115       -286         15
dcp         -411       1164       -336         10
dcp         -463       1213       -431         10
dcp         -509       1268       -495         15
dcp         -570       1308       -546         15
bp          -595       1326       -566         15
dcp         -605       1329       -571         10
dcp         -662       1347       -589         10
dcp         -709       1405       -655          5
dcp         -704       1429       -677          8
dcp         -723       1447       -706          8
dcp         -730       1461       -724         10
dcp         -773       1523       -828          5
dcp         -815       1582       -930          5
mae         -872       1619       -968          5
dcp         -589       1333       -579          8
dcp         -605       1370       -613         15
dcp         -617       1403       -656         10
bp          -624       1429       -696         10
dcp         -620       1438       -694          5
dcp         -600       1469       -705          5
dcp         -581       1509       -745         10
dcp         -588       1560       -839          5
dcp         -556       1587       -922          5
mae         -573       1622       -947          5
dcp         -622       1434       -695         10
dcp         -663       1458       -714          5
dcp         -696       1516       -751          2
dcp         -768       1546       -767          8
dcp         -855       1580       -803         10
dcp         -965       1657       -843          8
mae        -1059       1685       -857         10
dcp          -78        287         27         15
dcp          -73        304         37         10
dcp          -53        353         36         10
dcp          -36        382         45         10
dcp          -13        420         36         15
bp            12        468         25         15
dcp           12        481         10         15
dcp           10        522        -38         18
dcp           14        597       -115         10
dcp           17        620       -129         15
bp            31        634       -140         20
dcp           35        648       -136         15
dcp           39        674       -134         10
dcp           69        732       -125         10
dcp           93        842        -93          5
dcp          110        927       -109         15
dcp          141       1000        -93         15
dcp          180       1060        -87          5
dcp          202       1130        -70         10
dcp          237       1188        -91         10
dcp          295       1228        -93         10
dcp          339       1282        -77          5
dcp          368       1338        -40          5
dcp          378       1407        -40         10
dcp          415       1463        -45         10
dcp          455       1548        -36          5
dcp          481       1592        -22          8
mae          527       1626         -9          5
dcp           46        647       -169         15
dcp           79        713       -232         10
dcp           92        752       -288         15
bp            93        761       -301         20
dcp          104        765       -322         15
dcp          124        773       -372         10
dcp          140        797       -401          5
dcp          178        847       -436         10
dcp          205        883       -484         10
dcp          238        942       -562         18
dcp          261        991       -628         15
dcp          261       1015       -643         10
dcp          317       1069       -672         10
dcp          381       1100       -676         10
dcp          437       1120       -688         10
dcp          469       1152       -710         15
dcp          540       1216       -728         10
dcp          630       1297       -739         10
dcp          658       1332       -738          5
dcp          714       1388       -762          5
dcp          745       1402       -765         10
dcp          780       1399       -778         10
dcp          808       1431       -798         10
dcp          825       1496       -793          8
bp           863       1512       -819         10
dcp          861       1514       -816          5
dcp          861       1550       -812          5
dcp          871       1619       -799          5
dcp          898       1676       -793          5
mae          919       1733       -766          5
dcp          870       1509       -811          8
dcp          970       1535       -814         10
dcp         1064       1546       -798         10
dcp         1175       1544       -801          5
dcp         1263       1525       -799          5
dcp         1378       1534       -760          5
dcp         1458       1517       -752          5
dcp         1536       1513       -737          5
dcp         1616       1547       -753          8
dcp         1717       1552       -777         10
dcp         1821       1574       -812         10
dcp         1854       1572       -808          5
mae         1927       1589       -817          5
dcp           88        762       -307         10
dcp           83        797       -312         10
dcp           75        859       -324         15
dcp           80        940       -334          2
dcp           80       1033       -361         10
dcp           68       1120       -393         10
dcp           26       1178       -438         15
dcp          -42       1263       -635         10
dcp          -51       1267       -655          5
bp           -53       1269       -660         10
dcp          -63       1290       -677          2
dcp         -101       1325       -714          5
dcp         -165       1362       -767          2
dcp         -191       1382       -775          5
dcp         -234       1385       -785         10
dcp         -332       1469       -817         10
dcp         -372       1537       -828          5
mae         -401       1594       -841          5
dcp          -67       1280       -672         10
dcp         -102       1313       -710         10
dcp         -152       1341       -786         10
bp          -177       1353       -833          5
dcp         -180       1357       -853          5
dcp         -201       1366       -899         10
dcp         -270       1401       -987         10
dcp         -321       1433      -1042          5
dcp         -371       1452      -1076          5
dcp         -380       1544      -1169         10
mae         -382       1594      -1230          5
dcp         -167       1368       -854         10
dcp         -133       1412       -881          5
dcp         -134       1444       -881         10
dcp         -130       1500       -942         10
dcp         -124       1597      -1008          5
dcp         -118       1657      -1050          5
mae         -108       1754      -1139          5
dcp           21        469         28         15
dcp           52        496         62         15
dcp          122        521        125         10
dcp          176        589        189         15
dcp          291        683        287         20
dcp          331        727        328          5
bp           350        748        351         18
dcp          359        751        355          5
dcp          401        764        361         10
dcp          478        757        388          8
dcp          560        737        395         10
dcp          616        710        400         10
dcp          696        710        427         10
mae          774        689        403          5
dcp          348        751        356          5
dcp          360        782        384         10
bp           392        827        491         10
dcp          394        827        528          5
dcp          386        814        545         15
dcp          409        841        631         10
dcp          428        858        676          5
dcp          458        903        730          5
dcp          477        951        787         10
dcp          499       1016        842          5
dcp          509       1044        847          5
dcp          539       1072        891         10
dcp          545       1109        919          5
dcp          595       1173        981         20
dcp          654       1223       1057         10
dcp          706       1259       1093         10
dcp          756       1278       1144         10
dcp          890       1345       1258         10
mae          913       1378       1323         10
dcp          390        841        487          5
dcp          385        861        504         10
dcp          374        938        550          5
dcp          361       1057        572         10
dcp          366       1079        599          5
dcp          349       1126        621         10
dcp          355       1163        639         10
dcp          335       1238        652         10
dcp          314       1329        666          5
mae          331       1343        698          8
mto           55        -38         75         28
dcp           96        -38         90         15
dcp          162        -50        123         15
dcp          226        -56        165         25
dcp          264        -50        171         15
bp           281        -61        175         20
dcp          286        -56        177          8
dcp          313        -46        188          5
dcp          364        -31        202         20
bp           364        -30        200         15
dcp          370        -25        202         20
dcp          388         -9        208         10
bp           405         10        219         15
dcp          414         12        239         20
dcp          445         36        272          8
dcp          498         79        345         15
dcp          570         79        395          8
dcp          567         80        415         10
dcp          598         81        460         10
dcp          628        110        515          5
dcp          695        129        625         10
dcp          738        132        654          5
dcp          744        144        681         10
dcp          793        144        712         10
dcp          874        145        774         10
dcp          896        139        806          5
mae          945        103        898         10
dcp          410         20        217         15
dcp          433         52        228         20
dcp          442         95        221          2
dcp          478        149        243         10
dcp          534        186        279         10
dcp          584        221        317         18
dcp          642        240        364         10
dcp          677        274        387          5
dcp          688        291        408         10
dcp          751        307        447         20
dcp          763        309        470         10
dcp          798        326        493         10
dcp          837        357        529         10
dcp          892        392        567         10
dcp          964        405        601          8
dcp         1010        426        614          5
dcp         1046        479        636          5
dcp         1106        507        707          8
mae         1145        525        741          5
bp           387        -41        200         15
dcp          388        -44        199         15
dcp          461        -47        152         10
dcp          510        -32        120         10
dcp          537        -20         95         10
dcp          560        -54         58         10
dcp          663        -18         24          5
dcp          726         12          5          8
dcp          817        106          2         10
dcp          868        192        -41          2
dcp          896        263        -75         10
dcp          936        296       -107          8
dcp          948        299       -125          5
dcp          966        315       -168          5
dcp          955        325       -235          5
mae          957        329       -249          5
dcp          395        -35        205         15
dcp          446        -38        233         15
dcp          528        -63        293         10
dcp          617       -156        343          5
dcp          640       -178        350         10
dcp          652       -218        363         10
dcp          729       -302        418         10
dcp          790       -349        489         10
dcp          837       -400        570         10
dcp          891       -444        614          5
mae          989       -454        646          5
dcp          282        -70        173          5
dcp          335       -128        191          8
bp           362       -153        193         15
dcp          376       -178        235          5
dcp          419       -251        318          5
dcp          403       -255        336         15
dcp          425       -262        404          5
dcp          450       -261        498         10
dcp          491       -266        555         10
dcp          529       -291        590         10
dcp          566       -289        631         10
dcp          599       -285        654          5
dcp          655       -276        737          5
dcp          681       -255        789          5
dcp          711       -246        826         20
dcp          751       -247        892         10
dcp          798       -307        963          5
dcp          837       -319        980         10
mae          879       -357        986          2
dcp          370       -155        196         10
dcp          414       -185        199          8
dcp          451       -217        182         10
bp           502       -251        188          5
dcp          503       -254        187          5
dcp          511       -343        174          8
dcp          556       -417        151         10
dcp          601       -522         89          2
dcp          621       -616         48         10
dcp          669       -726          3          8
dcp          682       -816        -30          5
dcp          670       -889        -75          5
dcp          699       -962        -84         10
mae          753      -1012       -127          5
dcp          506       -253        190          5
dcp          555       -279        189          2
dcp          618       -308        197          5
dcp          689       -351        200         10
dcp          765       -431        197         10
dcp          845       -472        209         10
dcp          930       -474        218          5
dcp          967       -436        224          2
dcp         1017       -441        200         10
dcp         1058       -495        165         10
dcp         1081       -576         66          8
mae         1100       -607         52          5
mto          -24        -94         -7         28
dcp          -35       -142        -41         25
dcp          -19       -184        -96         20
bp           -19       -202       -134         25
dcp          -17       -198       -166         28
bp           -23       -193       -204         20
bp           -21       -189       -229         20
dcp          -27       -195       -221         10
dcp          -67       -210       -278         15
dcp          -76       -206       -299         10
bp           -79       -212       -311         15
dcp          -93       -212       -318          8
dcp         -142       -217       -371         15
bp          -145       -217       -387          8
dcp         -150       -216       -408         10
dcp         -174       -209       -451         15
dcp         -203       -176       -557         10
dcp         -225       -159       -589         10
dcp         -240       -137       -640         15
dcp         -281       -137       -709          5
dcp         -324       -152       -746         10
dcp         -371       -170       -815          5
dcp         -424       -159       -886         10
dcp         -480       -138       -924         10
dcp         -478       -158       -949         10
dcp         -540       -117      -1018         10
dcp         -578        -98      -1031          5
dcp         -644       -140      -1064          5
dcp         -715       -163      -1106         10
dcp         -770       -186      -1165          5
mae         -777       -184      -1191          5
dcp         -146       -213       -397         10
dcp         -205       -210       -441         10
dcp         -260       -228       -494         10
dcp         -328       -232       -616          5
dcp         -386       -250       -648          5
dcp         -444       -256       -710          8
dcp         -544       -264       -747          8
dcp         -584       -312       -781          5
dcp         -633       -322       -804          5
dcp         -661       -348       -845         15
dcp         -719       -361       -868         10
dcp         -799       -383       -887         10
dcp         -830       -404       -904          5
mae         -838       -420       -914          5
dcp          -81       -217       -310         10
dcp          -94       -268       -332         10
dcp         -125       -364       -364         10
dcp         -139       -442       -405         10
dcp         -161       -518       -441          5
dcp         -163       -569       -480          5
dcp         -175       -661       -486          5
dcp         -172       -771       -468          5
dcp         -179       -847       -471         10
dcp         -174       -918       -509         10
dcp         -167       -998       -528          5
dcp         -168      -1113       -543          5
mae         -195      -1158       -544          5
dcp          -21       -194       -223         15
dcp           -1       -204       -233         15
bp            -2       -218       -258         20
dcp           -9       -221       -259         15
dcp          -36       -245       -288          5
dcp          -52       -279       -301          5
dcp          -52       -343       -337          5
dcp          -58       -416       -340          5
dcp          -78       -523       -394          5
dcp         -104       -620       -431          5
dcp         -117       -714       -456          5
dcp          -74       -811       -438          5
dcp          -81       -892       -464          5
dcp          -94       -942       -467          5
dcp          -32       -987       -479         10
dcp           -1      -1003       -476         10
mae           52      -1074       -482          5
dcp           -4       -223       -279         20
dcp            3       -215       -297         10
dcp           28       -238       -316          8
dcp           53       -303       -378          5
dcp          138       -339       -506         15
dcp          203       -406       -585         10
dcp          247       -465       -657         10
dcp          309       -521       -738          8
dcp          398       -608       -768          5
dcp          439       -657       -775          5
dcp          477       -676       -790         10
dcp          490       -647       -839          5
mae          464       -681       -886         15
dcp          -14       -184       -201         10
dcp           10       -140       -232         15
dcp           41       -126       -253         10
dcp           51       -123       -259          5
dcp           97       -101       -270         10
dcp          119        -83       -270         10
dcp          169        -58       -279         10
dcp          193        -31       -270          5
dcp          217         -8       -272         10
dcp          250        -33       -269          5
dcp          286        -63       -272         20
dcp          348        -60       -262         10
dcp          375        -72       -267         10
dcp          364        -61       -286         10
dcp          392        -77       -365         10
dcp          402        -91       -416          5
dcp          452        -90       -444          5
dcp          526        -62       -462         10
dcp          560        -31       -562         10
dcp          633          2       -595         10
dcp          701         30       -633         10
dcp          736         11       -623         10
dcp          772          5       -620         10
mae          805        -32       -605          5
dcp          -24       -217       -130         10
dcp          -36       -304       -145         10
dcp          -48       -406       -150          5
dcp          -42       -511       -170          5
dcp          -53       -635       -199         10
dcp          -62       -732       -203         15
dcp         -101       -821       -229         10
bp          -111       -837       -236         15
dcp         -120       -844       -236          5
dcp         -161       -891       -263         10
dcp         -209       -947       -308          2
dcp         -252       -998       -356          5
dcp         -322      -1035       -391         10
dcp         -401      -1115       -404          5
dcp         -443      -1153       -420         10
dcp         -471      -1206       -429          5
mae         -525      -1233       -462          2
dcp         -111       -849       -234         15
dcp         -111       -908       -228         15
dcp         -109      -1051       -190         15
dcp          -75      -1179       -157         15
dcp          -92      -1287       -116         10
dcp         -118      -1312        -75          8
mae         -123      -1341         20         10
mto          -17        -26         80          2
dcp          -51          3         75         10
dcp          -40        -11        125          5
bp           -30        -12        152         15
dcp          -21        -17        172         15
dcp           -4         -9        197         10
dcp           10         -4        226         10
dcp           30         15        253         15
dcp           46         33        295         15
dcp           48         31        316         10
dcp           60         45        336         10
bp            69         58        374         22
dcp           67         71        374         10
dcp           47        105        396         10
bp            33        128        428         15
dcp           25        130        433         10
dcp           14        130        450         10
dcp            2        128        495         15
dcp          -10        136        516         10
dcp          -18        156        528          5
dcp          -58        200        557         10
dcp          -93        242        579          8
dcp         -165        266        660          5
dcp         -202        293        685         10
dcp         -226        312        726         15
dcp         -236        351        804          5
dcp         -248        330        847         15
dcp         -257        329        921         10
dcp         -264        360        961          5
dcp         -269        381        986          5
dcp         -263        404        995         10
mae         -288        441       1025         10
dcp           29        137        433         15
dcp           24        169        456         10
dcp           13        198        482          5
dcp           14        223        514         10
dcp           11        282        562         10
dcp           15        327        594         15
dcp           20        362        631         10
dcp           29        375        659         20
dcp           37        451        709         20
dcp           43        536        762          2
dcp           58        615        808          2
dcp           62        682        846          2
dcp           73        742        867         15
dcp          124        810        894         15
dcp          147        853        907         10
dcp          173        884        946         10
dcp          203        907        973         10
mae          221        911       1038          5
dcp           73         68        385         15
dcp          100         59        411         15
bp           127         59        456         25
dcp          140         51        450         10
dcp          160         22        500          5
dcp          199        -31        569         10
dcp          219       -106        654          8
dcp          270       -155        723         10
dcp          309       -179        779          5
dcp          339       -220        852         10
dcp          355       -251        922          5
dcp          356       -238        945          5
dcp          378       -290       1026         10
dcp          421       -304       1046         10
mae          458       -327       1086          5
dcp          135         69        459         15
dcp          179         82        488         10
dcp          231         93        533         10
dcp          278        110        586         15
dcp          319        120        632         10
dcp          360        109        652         10
dcp          404        132        679          5
dcp          423        160        680         10
dcp          495        209        700         10
dcp          530        253        717         10
dcp          560        276        747          2
dcp          603        334        755          2
dcp          645        341        762         10
dcp          703        412        786         20
dcp          747        453        801         10
dcp          806        545        783         10
dcp          868        576        784         10
mae          950        610        849         10
dcp          -33        -25        179         15
dcp          -55        -59        195         20
dcp          -85       -101        228         20
bp          -103       -151        273         10
dcp         -108       -149        273          5
dcp         -137       -123        297         10
dcp         -172       -110        360         10
bp          -174       -144        458         10
dcp         -172       -157        499          8
dcp         -179       -166        540         10
dcp         -184       -158        560         15
dcp         -167       -151        615          5
dcp         -165       -142        659         10
dcp         -177       -132        712         15
dcp         -193       -131        811         10
dcp         -170       -153        896          5
dcp         -172       -152        917         10
dcp         -145       -165        956          5
dcp         -102       -185        984          5
mae          -88       -218       1055         10
dcp         -185       -144        467          5
dcp         -220       -165        486         10
dcp         -245       -161        511          5
dcp         -270       -154        585         10
dcp         -303       -125        616          5
dcp         -339       -137        666          5
dcp         -346       -187        731         10
dcp         -348       -274        748         10
dcp         -335       -323        728          2
dcp         -340       -357        714          5
dcp         -373       -412        702          5
dcp         -401       -447        682         10
mae         -439       -504        682         10
dcp          -97       -151        235         10
dcp         -119       -167        234         10
bp          -152       -197        235         10
mae         -158       -198        247          5
dcp         -160       -208        245         10
bp          -258       -189        259         10
dcp         -258       -189        259          5
dcp         -261       -182        260          5
dcp         -251       -185        282         10
dcp         -256       -230        298          8
dcp         -265       -297        346         10
dcp         -262       -362        367         15
dcp         -270       -444        416         10
dcp         -274       -499        435          5
dcp         -301       -564        474          5
dcp         -326       -593        487         10
dcp         -341       -614        524          2
dcp         -356       -640        537         10
dcp         -362       -701        560          5
dcp         -382       -744        584         10
dcp         -403       -794        629          2
dcp         -418       -851        663          5
dcp         -415       -868        700         15
dcp         -431       -891        713          5
dcp         -425       -896        749         10
mae         -427       -928        795          5
dcp         -274       -187        258         10
dcp         -299       -181        277         10
dcp         -312       -204        288         10
dcp         -330       -229        303          8
dcp         -356       -238        319         15
dcp         -387       -264        319         10
bp          -394       -261        322         10
dcp         -400       -262        324         10
dcp         -443       -277        346         10
dcp         -522       -299        399          8
dcp         -571       -292        416         10
dcp         -625       -300        439          5
dcp         -667       -307        471          8
dcp         -713       -341        505          5
dcp         -780       -372        494          5
dcp         -864       -322        515         10
mae         -938       -256        525          5
dcp         -391       -260        315         10
dcp         -409       -268        300         10
dcp         -480       -273        286         10
dcp         -519       -286        294          8
dcp         -552       -291        284         10
dcp         -569       -281        277         10
dcp         -639       -284        255         10
dcp         -690       -299        230          5
dcp         -747       -296        224          2
dcp         -808       -313        213         10
dcp         -852       -331        248          5
dcp         -873       -347        247          5
dcp         -904       -378        256         15
dcp         -963       -381        252          2
dcp        -1002       -394        291         10
dcp        -1037       -385        315         10
mae        -1041       -381        357         10
mto          -14        -78         39         10
dcp          -21        -99        121         15
dcp          -17       -127        193         18
dcp          -14       -143        228         15
dcp          -17       -167        250         10
dcp          -76       -170        264         15
bp           -79       -176        280         15
dcp          -77       -178        274         10
dcp          -78       -235        294         10
bp           -69       -255        298          2
dcp          -65       -271        328         10
dcp          -54       -306        352         20
dcp          -34       -358        391          5
dcp          -17       -429        458         10
dcp           21       -506        485         10
dcp           89       -603        514          2
dcp          147       -691        556          5
dcp          175       -774        668         10
dcp          198       -777        696         15
dcp          219       -821        745          2
dcp          228       -855        758         10
dcp          246       -904        753          2
dcp          250       -944        726          5
dcp          233       -962        709          5
dcp          201       -955        668          5
dcp          177       -965        635         10
dcp          163       -989        602          5
mae          145      -1004        573         10
dcp          -69       -262        304          5
dcp          -34       -318        313         10
dcp          -10       -361        323          5
dcp            6       -372        335          5
dcp           40       -383        349         15
dcp           71       -400        356          2
dcp           88       -421        374         10
dcp          122       -450        389         10
dcp          171       -474        401         10
dcp          225       -506        413          8
dcp          257       -585        439          5
dcp          306       -629        483         15
dcp          336       -670        523          5
dcp          371       -719        577          2
dcp          411       -759        660          5
dcp          446       -784        738         10
dcp          484       -820        808         10
dcp          490       -850        822         10
dcp          533       -868        864          5
dcp          557       -872        908          5
mae          555       -929        950          5
dcp          -98       -164        309         10
dcp         -126       -188        357         10
dcp         -149       -191        395         10
dcp         -161       -211        404         10
dcp         -180       -245        412          2
dcp         -206       -283        447         10
dcp         -233       -294        490          5
dcp         -249       -280        551         10
dcp         -253       -289        590         10
dcp         -272       -284        641         10
bp          -270       -284        657         10
dcp         -281       -279        667         15
dcp         -257       -274        717         10
dcp         -271       -304        825         15
dcp         -285       -322        840         10
dcp         -322       -314        907         10
dcp         -318       -299        966          5
dcp         -342       -298       1031          5
dcp         -360       -317       1073         15
dcp         -389       -320       1180         10
mae         -410       -325       1257          5
dcp         -282       -293        658         15
dcp         -300       -296        650          5
dcp         -321       -335        669          5
dcp         -362       -374        691          5
dcp         -393       -405        701          5
dcp         -434       -412        741         10
dcp         -472       -398        782          5
dcp         -477       -396        803         15
dcp         -510       -410        824          5
dcp         -541       -421        844          5
dcp         -588       -440        867          2
dcp         -635       -451        862          5
mae         -647       -484        876          5
mto          -34        -81         -5         15
dcp          -47       -114        -17         10
dcp         -102       -172        -27         22
bp          -124       -184        -56         25
dcp         -154       -171        -53         15
dcp         -204       -173        -52         10
dcp         -250       -164        -42          8
bp          -270       -173        -46         25
dcp         -277       -170        -36          5
dcp         -387       -181        -75         10
bp          -402       -195        -72         10
dcp         -405       -190        -66         20
dcp         -415       -176        -48          8
dcp         -446       -171        -45         10
dcp         -475       -145        -29         10
dcp         -534       -142         -7         10
dcp         -674        -51         15         15
dcp         -788        -11         12         10
dcp         -871         42          8         15
dcp         -948        113         -2         10
dcp        -1031        153         -7         10
dcp        -1106        171         -6         10
dcp        -1177        220        -12         15
dcp        -1242        294          3         15
dcp        -1275        381         31          5
dcp        -1315        443         39         10
dcp        -1346        519         46         10
mae        -1373        561         41          5
dcp         -407       -205        -70          5
dcp         -440       -252       -111          5
dcp         -570       -272       -213          8
dcp         -633       -265       -263         10
dcp         -704       -256       -307          5
dcp         -733       -230       -320         10
dcp         -760       -206       -330          8
dcp         -799       -177       -369          5
dcp         -811       -144       -383          8
dcp         -848       -145       -426         10
dcp         -910       -160       -455         10
dcp         -972       -152       -507         10
dcp        -1035       -108       -539          8
mae        -1159        -49       -583         10
dcp         -266       -181        -27         10
dcp         -306       -256        -19         10
dcp         -310       -317        -16          5
dcp         -321       -358        -17         10
dcp         -324       -393         10          5
dcp         -369       -437         57         22
dcp         -416       -443        120          5
dcp         -492       -442        171         10
dcp         -517       -423        194         10
dcp         -548       -436        247          5
dcp         -563       -470        252         10
dcp         -577       -487        275         10
dcp         -593       -569        287         10
dcp         -662       -633        312         10
dcp         -689       -657        319         15
dcp         -707       -742        364          2
dcp         -715       -825        376          5
dcp         -733       -880        379         10
dcp         -766       -964        370          2
dcp         -788      -1017        368         10
dcp         -831      -1044        364          2
mae         -899      -1047        377          5
dcp         -132       -196        -52         15
dcp         -149       -237        -79         10
dcp         -155       -316       -151         15
dcp         -182       -373       -204         10
dcp         -178       -460       -321         10
bp          -174       -517       -349         10
dcp         -183       -523       -352          5
dcp         -170       -508       -367          5
dcp         -180       -522       -419          5
dcp         -177       -546       -460         10
dcp         -196       -594       -536          5
dcp         -210       -641       -624          5
dcp         -234       -698       -744          5
dcp         -255       -742       -812          5
dcp         -285       -801       -933          5
dcp         -318       -814       -989          5
mae         -324       -857      -1029          5
dcp         -158       -570       -407          5
dcp         -165       -634       -431          5
dcp         -178       -702       -449         10
dcp         -187       -733       -478          5
dcp         -194       -754       -490         10
dcp         -204       -846       -531          5
dcp         -227       -890       -547          8
dcp         -265       -912       -559          5
dcp         -276       -912       -560          5
dcp         -324       -974       -594          5
dcp         -339      -1030       -604          5
dcp         -353      -1083       -613          5
mae         -362      -1144       -645          5
mto           -8         76         13          2
scp           -8         76         13          2
scp            3         65         11          2
scp           35         39          9          2
scp           52         17         21          2
scp           63          3         31          2
scp           68         -9         26          2
scp           71        -38         22          2
scp           46        -68        -14          2
scp           29        -94          7          2
scp           22        -97        -10          2
scp          -16        -95        -14          2
scp          -30        -89        -14          2
scp          -40        -52        -27          2
scp          -57        -28        -23          2
scp          -58          5        -18          2
scp          -61         46        -16          2
scp          -60         72        -10          2
scp          -40         90         -3          2
mae          -11         81         -2          2
