./cells/86_35_cat/j3586p2d_sdt/j3586p2d_sdt.txt
mto  -3.507 6.558 1.221 6.500
dcp  -5.229 12.922 0.760 3.500
dcp  -7.914 24.909 -0.774 3.000
bp   -8.289 30.022 -0.092 5.250
dcp  -9.626 30.113 -0.222 1.750
dcp  -12.522 33.367 -1.830 2.250
bp   -15.025 39.830 -2.356 3.500
dcp  -15.784 39.385 -2.550 1.500
dcp  -21.583 43.512 -3.499 1.500
bp   -29.738 50.869 -3.929 1.500
dcp  -30.214 51.623 -3.800 0.750
dcp  -31.283 54.063 -7.470 1.000
dcp  -35.808 60.922 -10.975 1.500
dcp  -39.340 65.772 -14.080 1.500
dcp  -43.563 68.545 -17.767 1.000
dcp  -45.645 68.222 -20.151 1.500
dcp  -49.450 71.301 -25.529 1.000
dcp  -53.131 74.055 -30.971 1.500
dcp  -57.088 77.400 -36.042 1.500
dcp  -62.616 80.925 -40.212 1.750
dcp  -67.749 87.073 -44.218 2.000
dcp  -73.410 93.272 -48.530 1.500
dcp  -79.758 100.362 -54.773 1.500
dcp  -85.050 106.167 -65.092 1.500
dcp  -92.155 110.451 -74.174 1.000
bp   -92.155 110.451 -74.174 1.000
dcp  -93.438 111.250 -77.749 0.500
dcp  -94.885 111.696 -79.875 0.500
dcp  -103.081 118.374 -89.534 0.500
bp   -108.005 122.012 -96.973 1.000
dcp  -108.948 123.537 -97.744 0.500
dcp  -111.552 129.786 -102.216 0.500
dcp  -112.568 132.929 -105.450 0.500
dcp  -116.011 136.786 -114.997 1.000
dcp  -119.259 135.737 -124.678 1.000
dcp  -122.009 139.304 -132.406 1.000
ne   -126.454 142.785 -136.205 1.000
dcp  -109.071 123.276 -98.598 0.500
dcp  -112.945 127.980 -99.706 1.000
dcp  -118.130 133.424 -104.148 1.000
dcp  -125.387 139.750 -111.198 0.500
dcp  -134.723 144.575 -118.589 0.500
dcp  -140.843 146.829 -122.358 0.500
dcp  -146.849 149.330 -124.243 1.000
dcp  -150.917 150.662 -126.192 1.000
dcp  -157.307 151.157 -129.383 1.000
dcp  -168.852 154.201 -133.057 1.000
dcp  -175.784 157.081 -135.731 0.500
ne   -181.663 158.671 -138.599 0.500
dcp  -92.183 110.393 -73.932 1.000
dcp  -94.411 112.712 -74.398 1.000
dcp  -100.234 117.973 -78.180 1.000
dcp  -103.780 124.565 -77.498 2.250
dcp  -105.713 128.702 -78.783 0.500
dcp  -113.661 135.911 -80.003 0.500
bp   -122.936 144.414 -81.577 1.000
dcp  -129.283 146.774 -85.346 1.000
ne   -134.517 149.748 -85.216 0.500
dcp  -125.735 144.919 -81.771 1.000
dcp  -131.337 147.694 -83.284 1.000
dcp  -140.269 153.386 -82.655 1.000
dcp  -149.162 157.975 -81.253 0.500
dcp  -162.914 168.118 -80.347 1.000
dcp  -168.459 172.198 -81.537 0.500
bp   -173.083 175.296 -81.826 0.750
dcp  -177.469 181.272 -84.495 0.500
dcp  -184.688 188.269 -89.049 0.500
ne   -190.665 196.156 -89.880 0.750
dcp  -178.950 181.053 -82.386 0.500
dcp  -183.614 185.840 -82.529 0.500
dcp  -190.229 191.766 -80.545 0.500
dcp  -191.256 195.480 -81.830 0.500
ne   -192.279 198.017 -81.070 0.500
dcp  -30.983 49.974 -3.770 1.000
dcp  -32.756 52.680 -0.467 1.000
dcp  -36.602 54.487 2.384 0.750
bp   -39.512 57.119 5.799 1.500
dcp  -40.038 58.359 6.299 1.750
dcp  -41.785 59.935 8.555 1.000
dcp  -43.715 62.304 12.276 1.000
dcp  -49.127 66.669 17.641 1.500
dcp  -54.261 72.222 20.479 0.750
dcp  -56.724 78.181 24.494 1.000
dcp  -59.476 84.702 27.060 0.750
dcp  -59.939 91.398 31.222 2.000
dcp  -58.229 99.798 36.820 1.000
dcp  -59.736 108.988 40.952 0.500
ne   -58.385 119.577 49.370 1.000
dcp  -40.603 57.147 6.459 1.000
dcp  -45.278 57.177 6.972 0.750
dcp  -50.668 57.449 8.757 0.750
dcp  -56.278 57.842 9.511 1.000
bp   -60.221 56.484 8.735 1.000
dcp  -61.237 56.672 9.701 1.000
dcp  -64.979 56.338 9.972 1.500
dcp  -71.703 57.889 12.435 1.000
dcp  -80.956 63.483 11.969 0.500
dcp  -87.260 67.118 10.585 1.500
dcp  -90.537 69.555 8.476 1.000
dcp  -94.163 71.245 8.476 1.000
dcp  -98.903 72.319 8.459 1.000
dcp  -104.221 73.928 8.506 0.750
dcp  -110.700 76.007 8.795 1.000
dcp  -119.925 81.660 8.088 0.500
dcp  -124.297 82.932 9.714 0.750
dcp  -133.464 85.751 8.842 0.750
dcp  -138.091 89.436 9.472 0.500
ne   -146.308 96.660 10.555 1.000
dcp  -61.364 55.808 8.959 1.000
dcp  -67.276 50.819 8.113 2.000
dcp  -69.193 50.257 7.242 1.000
dcp  -77.332 51.141 5.500 1.750
dcp  -85.202 49.053 5.655 1.000
dcp  -91.518 47.930 4.925 0.750
dcp  -97.668 48.348 3.554 0.500
dcp  -103.789 50.603 -0.215 0.500
dcp  -109.941 50.422 -5.355 1.000
dcp  -117.466 50.258 -9.353 1.000
ne   -120.511 47.277 -13.787 0.500
dcp  -15.189 39.478 -0.907 1.000
dcp  -15.860 47.504 -1.881 1.000
dcp  -16.680 55.209 -3.467 1.500
dcp  -19.747 64.605 -7.227 1.500
dcp  -22.071 73.226 -9.538 1.500
dcp  -22.645 76.728 -10.823 1.500
dcp  -23.502 79.031 -12.431 1.500
dcp  -23.864 85.353 -15.854 1.000
dcp  -26.238 94.459 -17.794 1.500
dcp  -29.054 104.984 -23.839 1.500
bp   -30.312 108.202 -25.012 1.500
dcp  -29.349 109.085 -24.689 0.500
dcp  -28.886 111.852 -23.188 1.000
dcp  -27.510 118.352 -22.230 0.500
dcp  -21.900 124.468 -27.615 0.750
dcp  -18.973 131.335 -31.310 0.500
dcp  -13.642 136.852 -37.131 0.500
dcp  -7.185 147.151 -51.240 1.000
dcp  -3.830 153.162 -55.612 1.000
ne   -4.616 159.167 -60.195 0.750
dcp  -30.457 108.483 -25.736 0.500
dcp  -34.558 111.519 -28.570 1.500
dcp  -41.132 116.350 -33.576 1.000
dcp  -46.285 121.271 -43.058 1.000
dcp  -50.900 126.754 -49.496 1.500
dcp  -56.999 130.831 -54.632 1.500
bp   -59.499 132.568 -56.564 1.500
dcp  -60.453 132.889 -57.112 1.000
dcp  -66.237 134.682 -58.884 1.000
dcp  -70.949 140.549 -65.499 0.500
dcp  -70.387 142.937 -67.702 0.750
dcp  -72.325 144.697 -70.600 0.750
dcp  -73.035 146.132 -72.402 1.000
dcp  -77.314 152.335 -82.769 0.500
dcp  -81.497 158.155 -92.958 0.500
ne   -87.177 161.946 -96.822 0.500
dcp  -58.904 133.252 -57.884 0.750
dcp  -60.471 136.990 -61.294 1.500
dcp  -61.707 140.255 -65.559 1.000
bp   -62.393 142.926 -69.647 1.000
dcp  -61.985 143.801 -69.388 0.500
dcp  -59.986 146.904 -70.479 0.500
dcp  -58.112 150.922 -74.467 1.000
dcp  -58.769 156.020 -83.915 0.500
dcp  -55.586 158.705 -92.220 0.500
ne   -57.263 162.209 -94.665 0.500
dcp  -62.189 143.363 -69.517 1.000
dcp  -66.275 145.840 -71.449 0.500
dcp  -69.645 151.627 -75.084 0.250
dcp  -76.811 154.598 -76.727 0.750
dcp  -85.451 157.956 -80.255 1.000
dcp  -96.457 165.706 -84.278 0.750
ne   -105.898 168.529 -85.697 1.000
dcp  -7.812 28.677 2.741 1.500
dcp  -7.277 30.416 3.741 1.000
dcp  -5.299 35.251 3.586 1.000
dcp  -3.643 38.209 4.492 1.000
dcp  -1.339 41.969 3.596 1.500
bp   1.203 46.827 2.475 1.500
dcp  1.247 48.105 0.979 1.500
dcp  0.954 52.210 -3.751 1.750
dcp  1.413 59.701 -11.457 1.000
dcp  1.666 62.019 -12.936 1.500
bp   3.122 63.367 -13.996 2.000
dcp  3.508 64.786 -13.608 1.500
dcp  3.904 67.408 -13.444 1.000
dcp  6.866 73.169 -12.486 1.000
dcp  9.267 84.234 -9.268 0.500
dcp  11.028 92.744 -10.885 1.500
dcp  14.122 99.970 -9.297 1.500
dcp  18.023 105.969 -8.693 0.500
dcp  20.206 113.015 -6.993 1.000
dcp  23.745 118.831 -9.062 1.000
dcp  29.455 122.796 -9.265 1.000
dcp  33.926 128.243 -7.694 0.500
dcp  36.792 133.796 -3.951 0.500
dcp  37.824 140.742 -3.959 1.000
dcp  41.528 146.319 -4.515 1.000
dcp  45.468 154.768 -3.569 0.500
dcp  48.064 159.153 -2.211 0.750
ne   52.700 162.587 -0.852 0.500
dcp  4.566 64.688 -16.877 1.500
dcp  7.913 71.273 -23.181 1.000
dcp  9.191 75.198 -28.812 1.500
bp   9.333 76.093 -30.132 2.000
dcp  10.361 76.523 -32.240 1.500
dcp  12.396 77.339 -37.247 1.000
dcp  14.049 79.700 -40.110 0.500
dcp  17.770 84.721 -43.645 1.000
dcp  20.530 88.274 -48.423 1.000
dcp  23.832 94.172 -56.193 1.750
dcp  26.108 99.054 -62.773 1.500
dcp  26.135 101.477 -64.252 1.000
dcp  31.698 106.901 -67.223 1.000
dcp  38.111 110.006 -67.554 1.000
dcp  43.740 112.020 -68.757 1.000
dcp  46.884 115.212 -70.990 1.500
dcp  53.985 121.569 -72.784 1.000
dcp  63.014 129.692 -73.930 1.000
dcp  65.765 133.225 -73.796 0.500
dcp  71.375 138.750 -76.218 0.500
dcp  74.545 140.222 -76.537 1.000
dcp  77.960 139.857 -77.792 1.000
dcp  80.850 143.096 -79.784 1.000
dcp  82.507 149.608 -79.309 0.750
bp   86.274 151.178 -81.866 1.000
dcp  86.122 151.444 -81.560 0.500
dcp  86.144 155.040 -81.202 0.500
dcp  87.141 161.912 -79.938 0.500
dcp  89.802 167.618 -79.286 0.500
ne   91.893 173.285 -76.638 0.500
dcp  86.973 150.904 -81.077 0.750
dcp  96.994 153.463 -81.391 1.000
dcp  106.360 154.620 -79.791 1.000
dcp  117.549 154.360 -80.140 0.500
dcp  126.323 152.472 -79.864 0.500
dcp  137.793 153.408 -76.008 0.500
dcp  145.833 151.720 -75.249 0.500
dcp  153.648 151.325 -73.683 0.500
dcp  161.562 154.691 -75.334 0.750
dcp  171.735 155.210 -77.680 1.000
dcp  182.128 157.386 -81.151 1.000
dcp  185.358 157.213 -80.827 0.500
ne   192.749 158.867 -81.659 0.500
dcp  8.832 76.203 -30.679 1.000
dcp  8.279 79.749 -31.175 1.000
dcp  7.546 85.867 -32.360 1.500
dcp  8.013 93.966 -33.447 0.250
dcp  7.969 103.337 -36.094 1.000
dcp  6.762 111.989 -39.306 1.000
dcp  2.590 117.831 -43.794 1.500
dcp  -4.235 126.264 -63.484 1.000
dcp  -5.127 126.718 -65.545 0.500
bp   -5.299 126.941 -66.028 1.000
dcp  -6.258 129.025 -67.701 0.250
dcp  -10.148 132.514 -71.435 0.500
dcp  -16.451 136.153 -76.701 0.250
dcp  -19.083 138.199 -77.537 0.500
dcp  -23.367 138.475 -78.473 1.000
dcp  -33.238 146.884 -81.690 1.000
dcp  -37.250 153.661 -82.828 0.500
ne   -40.107 159.366 -84.095 0.500
dcp  -6.748 127.974 -67.235 1.000
dcp  -10.185 131.251 -70.970 1.000
dcp  -15.188 134.128 -78.602 1.000
bp   -17.699 135.251 -83.273 0.500
dcp  -18.035 135.713 -85.269 0.500
dcp  -20.092 136.625 -89.939 1.000
dcp  -27.003 140.143 -98.667 1.000
dcp  -32.145 143.312 -104.174 0.500
dcp  -37.058 145.199 -107.637 0.500
dcp  -38.017 154.383 -116.903 1.000
ne   -38.168 159.383 -122.953 0.500
dcp  -16.688 136.826 -85.364 1.000
dcp  -13.281 141.176 -88.063 0.500
dcp  -13.436 144.393 -88.076 1.000
dcp  -13.027 150.003 -94.173 1.000
dcp  -12.384 159.662 -100.813 0.500
dcp  -11.758 165.737 -104.961 0.500
ne   -10.847 175.381 -113.903 0.500
dcp  2.059 46.889 2.846 1.500
dcp  5.236 49.561 6.184 1.500
dcp  12.230 52.137 12.519 1.000
dcp  17.585 58.889 18.906 1.500
dcp  29.147 68.304 28.714 2.000
dcp  33.113 72.668 32.811 0.500
bp   34.956 74.844 35.101 1.750
dcp  35.914 75.125 35.536 0.500
dcp  40.112 76.437 36.071 1.000
dcp  47.790 75.749 38.844 0.750
dcp  55.954 73.736 39.539 1.000
dcp  61.564 70.977 40.022 1.000
dcp  69.576 71.004 42.747 1.000
ne   77.434 68.925 40.285 0.500
dcp  34.776 75.052 35.648 0.500
dcp  35.991 78.248 38.374 1.000
bp   39.179 82.718 49.138 1.000
dcp  39.431 82.667 52.778 0.500
dcp  38.577 81.428 54.451 1.500
dcp  40.908 84.061 63.119 1.000
dcp  42.833 85.823 67.647 0.500
dcp  45.756 90.316 72.951 0.500
dcp  47.718 95.115 78.739 1.000
dcp  49.921 101.615 84.190 0.500
dcp  50.947 104.405 84.725 0.500
dcp  53.890 107.167 89.094 1.000
dcp  54.527 110.900 91.884 0.500
dcp  59.452 117.320 98.142 2.000
dcp  65.367 122.316 105.719 1.000
dcp  70.646 125.945 109.268 1.000
dcp  75.648 127.799 114.426 1.000
dcp  88.973 134.488 125.842 1.000
ne   91.324 137.754 132.336 1.000
dcp  38.989 84.086 48.672 0.500
dcp  38.536 86.072 50.397 1.000
dcp  37.445 93.789 54.995 0.500
dcp  36.122 105.740 57.229 1.000
dcp  36.573 107.889 59.873 0.500
dcp  34.897 112.577 62.116 1.000
dcp  35.541 116.325 63.875 1.000
dcp  33.486 123.750 65.187 1.000
dcp  31.391 132.863 66.645 0.500
ne   33.147 134.261 69.772 0.750
mto  5.470 -3.767 7.495 2.750
dcp  9.576 -3.836 8.979 1.500
dcp  16.187 -5.039 12.282 1.500
dcp  22.569 -5.551 16.504 2.500
dcp  26.433 -4.955 17.086 1.500
bp   28.088 -6.136 17.504 2.000
dcp  28.621 -5.585 17.699 0.750
dcp  31.298 -4.578 18.764 0.500
dcp  36.399 -3.103 20.217 2.000
bp   36.426 -3.044 19.976 1.500
dcp  36.959 -2.493 20.170 2.000
dcp  38.784 -0.946 20.752 1.000
bp   40.531 1.027 21.947 1.500
dcp  41.428 1.175 23.896 2.000
dcp  44.503 3.628 27.170 0.750
dcp  49.784 7.855 34.488 1.500
dcp  56.972 7.890 39.452 0.750
dcp  56.731 7.964 41.513 1.000
dcp  59.806 8.052 46.024 1.000
dcp  62.844 11.017 51.488 0.500
dcp  69.523 12.917 62.540 1.000
dcp  73.798 13.212 65.426 0.500
dcp  74.368 14.435 68.117 1.000
dcp  79.296 14.354 71.243 1.000
dcp  87.361 14.494 77.367 1.000
dcp  89.582 13.934 80.588 0.500
ne   94.518 10.323 89.846 1.000
dcp  40.994 2.020 21.723 1.500
dcp  43.307 5.204 22.758 2.000
dcp  44.225 9.539 22.103 0.250
dcp  47.832 14.908 24.333 1.000
dcp  53.439 18.650 27.947 1.000
dcp  58.361 22.107 31.674 1.750
dcp  64.200 23.981 36.413 1.000
dcp  67.717 27.383 38.673 0.500
dcp  68.800 29.115 40.769 1.000
dcp  75.072 30.734 44.719 2.000
dcp  76.270 30.936 46.975 1.000
dcp  79.801 32.592 49.330 1.000
dcp  83.737 35.709 52.862 1.000
dcp  89.214 39.173 56.653 1.000
dcp  96.447 40.487 60.120 0.750
dcp  100.998 42.557 61.397 0.500
dcp  104.605 47.926 63.627 0.500
dcp  110.611 50.749 70.686 0.750
ne   114.462 52.502 74.137 0.500
bp   38.692 -4.101 19.976 1.500
dcp  38.817 -4.425 19.911 1.500
dcp  46.121 -4.733 15.228 1.000
dcp  50.977 -3.191 12.012 1.000
dcp  53.731 -2.020 9.502 1.000
dcp  56.006 -5.421 5.828 1.000
dcp  66.258 -1.775 2.439 0.500
dcp  72.631 1.244 0.529 0.750
dcp  81.662 10.555 0.190 1.000
dcp  86.776 19.157 -4.130 0.250
dcp  89.551 26.290 -7.519 1.000
dcp  93.586 29.619 -10.654 0.750
dcp  94.813 29.884 -12.521 0.500
dcp  96.647 31.451 -16.850 0.500
dcp  95.488 32.516 -23.452 0.500
ne   95.652 32.867 -24.901 0.500
dcp  39.526 -3.495 20.476 1.500
dcp  44.605 -3.842 23.297 1.500
dcp  52.830 -6.317 29.321 1.000
dcp  61.723 -15.641 34.275 0.500
dcp  64.026 -17.800 35.047 1.000
dcp  65.177 -21.839 36.267 1.000
dcp  72.860 -30.208 41.834 1.000
dcp  78.966 -34.860 48.902 1.000
dcp  83.723 -40.038 56.983 1.000
dcp  89.117 -44.443 61.441 0.500
ne   98.887 -45.378 64.650 0.500
dcp  28.235 -7.004 17.310 0.500
dcp  33.512 -12.843 19.078 0.750
bp   36.221 -15.315 19.302 1.500
dcp  37.564 -17.759 23.520 0.500
dcp  41.876 -25.076 31.807 0.500
dcp  40.320 -25.454 33.610 1.500
dcp  42.465 -26.179 40.406 0.500
dcp  44.976 -26.118 49.764 1.000
dcp  49.149 -26.633 55.546 1.000
dcp  52.947 -29.137 58.992 1.000
dcp  56.632 -28.924 63.084 1.000
dcp  59.852 -28.527 65.357 0.500
dcp  65.507 -27.639 73.719 0.500
dcp  68.136 -25.549 78.924 0.500
dcp  71.072 -24.578 82.598 2.000
dcp  75.141 -24.725 89.235 1.000
dcp  79.799 -30.708 96.333 0.500
dcp  83.668 -31.875 98.040 1.000
ne   87.931 -35.747 98.618 0.250
dcp  36.976 -15.472 19.608 1.000
dcp  41.373 -18.464 19.897 0.750
dcp  45.100 -21.710 18.237 1.000
bp   50.150 -25.079 18.767 0.500
dcp  50.275 -25.403 18.703 0.500
dcp  51.107 -34.265 17.421 0.750
dcp  55.644 -41.691 15.096 1.000
dcp  60.111 -52.224 8.903 0.250
dcp  62.072 -61.626 4.772 1.000
dcp  66.902 -72.561 0.334 0.750
dcp  68.203 -81.604 -3.009 0.500
dcp  67.023 -88.866 -7.494 0.500
dcp  69.935 -96.228 -8.435 1.000
ne   75.335 -101.210 -12.657 0.500
dcp  50.576 -25.349 19.009 0.500
dcp  55.458 -27.892 18.944 0.250
dcp  61.823 -30.807 19.733 0.500
dcp  68.939 -35.068 20.022 1.000
dcp  76.514 -43.077 19.711 1.000
dcp  84.534 -47.174 20.919 1.000
dcp  92.986 -47.385 21.825 0.500
dcp  96.695 -43.572 22.394 0.250
dcp  101.709 -44.059 19.997 1.000
dcp  105.788 -49.510 16.547 1.000
dcp  108.076 -57.617 6.555 0.750
ne   109.958 -60.679 5.248 0.500
mto  -2.390 -9.384 -0.712 2.750
dcp  -3.510 -14.153 -4.067 2.500
dcp  -1.909 -18.410 -9.579 2.000
bp   -1.895 -20.153 -13.365 2.500
dcp  -1.743 -19.828 -16.634 2.750
bp   -2.319 -19.288 -20.450 2.000
bp   -2.147 -18.921 -22.929 2.000
dcp  -2.688 -19.487 -22.093 1.000
dcp  -6.724 -21.045 -27.846 1.500
dcp  -7.616 -20.591 -29.907 1.000
bp   -7.914 -21.232 -31.132 1.500
dcp  -9.299 -21.243 -31.809 0.750
dcp  -14.189 -21.674 -37.126 1.500
bp   -14.456 -21.654 -38.704 0.750
dcp  -14.996 -21.630 -40.830 1.000
dcp  -17.437 -20.948 -45.082 1.500
dcp  -20.294 -17.612 -55.725 1.000
dcp  -22.533 -15.906 -58.929 1.000
dcp  -23.998 -13.724 -64.000 1.500
dcp  -28.142 -13.737 -70.943 0.500
dcp  -32.420 -15.220 -74.634 1.000
dcp  -37.106 -16.988 -81.547 0.500
dcp  -42.378 -15.871 -88.602 1.000
dcp  -48.045 -13.827 -92.371 1.000
dcp  -47.839 -15.750 -94.885 1.000
dcp  -53.950 -11.701 -101.841 1.000
dcp  -57.767 -9.831 -103.113 0.500
dcp  -64.414 -14.029 -106.438 0.500
dcp  -71.547 -16.312 -110.648 1.000
dcp  -77.028 -18.600 -116.482 0.500
ne   -77.740 -18.353 -119.091 0.500
dcp  -14.573 -21.314 -39.670 1.000
dcp  -20.474 -20.955 -44.134 1.000
dcp  -26.032 -22.816 -49.356 1.000
dcp  -32.818 -23.172 -61.599 0.500
dcp  -38.616 -24.959 -64.760 0.500
dcp  -44.411 -25.554 -70.996 0.750
dcp  -54.442 -26.362 -74.658 0.750
dcp  -58.365 -31.227 -78.095 0.500
dcp  -63.255 -32.248 -80.450 0.500
dcp  -66.124 -34.850 -84.512 1.500
dcp  -71.925 -36.051 -86.755 1.000
dcp  -79.882 -38.326 -88.726 1.000
dcp  -83.041 -40.369 -90.356 0.500
ne   -83.803 -42.003 -91.357 0.500
dcp  -8.146 -21.728 -31.020 1.000
dcp  -9.403 -26.790 -33.168 1.000
dcp  -12.501 -36.392 -36.368 1.000
dcp  -13.940 -44.210 -40.500 1.000
dcp  -16.113 -51.827 -44.149 0.500
dcp  -16.272 -56.901 -47.987 0.500
dcp  -17.543 -66.134 -48.561 0.500
dcp  -17.150 -77.122 -46.786 0.500
dcp  -17.906 -84.659 -47.149 1.000
dcp  -17.373 -91.797 -50.892 1.000
dcp  -16.707 -99.834 -52.769 0.500
dcp  -16.825 -111.327 -54.279 0.500
ne   -19.456 -115.786 -54.365 0.500
dcp  -2.105 -19.421 -22.270 1.500
dcp  -0.058 -20.356 -23.300 1.500
bp   -0.203 -21.849 -25.750 2.000
dcp  -0.860 -22.076 -25.879 1.500
dcp  -3.634 -24.474 -28.846 0.500
dcp  -5.239 -27.918 -30.123 0.500
dcp  -5.182 -34.301 -33.737 0.500
dcp  -5.835 -41.618 -34.035 0.500
dcp  -7.764 -52.262 -39.427 0.500
dcp  -10.355 -61.959 -43.110 0.500
dcp  -11.741 -71.437 -45.569 0.500
dcp  -7.424 -81.111 -43.806 0.500
dcp  -8.143 -89.159 -46.359 0.500
dcp  -9.387 -94.193 -46.688 0.500
dcp  -3.222 -98.719 -47.865 1.000
dcp  -0.078 -100.257 -47.623 1.000
ne   5.157 -107.370 -48.240 0.500
dcp  -0.392 -22.256 -27.941 2.000
dcp  0.257 -21.455 -29.743 1.000
dcp  2.754 -23.789 -31.580 0.750
dcp  5.254 -30.260 -37.786 0.500
dcp  13.780 -33.863 -50.636 1.500
dcp  20.305 -40.574 -58.515 1.000
dcp  24.709 -46.509 -65.670 1.000
dcp  30.916 -52.129 -73.837 0.750
dcp  39.817 -60.842 -76.757 0.500
dcp  43.906 -65.680 -77.469 0.500
dcp  47.718 -67.562 -79.047 1.000
dcp  49.034 -64.740 -83.907 0.500
ne   46.367 -68.092 -88.646 1.500
dcp  -1.355 -18.405 -20.126 1.000
dcp  0.969 -14.012 -23.196 1.500
dcp  4.125 -12.567 -25.335 1.000
dcp  5.091 -12.271 -25.930 0.500
dcp  9.684 -10.111 -26.956 1.000
dcp  11.920 -8.275 -27.033 1.000
dcp  16.943 -5.783 -27.930 1.000
dcp  19.278 -3.142 -27.024 0.500
dcp  21.745 -0.809 -27.214 1.000
dcp  25.010 -3.274 -26.925 0.500
dcp  28.578 -6.270 -27.248 2.000
dcp  34.760 -6.026 -26.230 1.000
dcp  37.533 -7.177 -26.713 1.000
dcp  36.393 -6.074 -28.645 1.000
dcp  39.240 -7.658 -36.472 1.000
dcp  40.201 -9.147 -41.642 0.500
dcp  45.247 -8.974 -44.393 0.500
dcp  52.628 -6.159 -46.239 1.000
dcp  56.002 -3.063 -56.234 1.000
dcp  63.321 0.209 -59.528 1.000
dcp  70.135 2.990 -63.258 1.000
dcp  73.650 1.065 -62.292 1.000
dcp  77.231 0.461 -62.033 1.000
ne   80.478 -3.223 -60.489 0.500
dcp  -2.362 -21.748 -13.029 1.000
dcp  -3.648 -30.421 -14.504 1.000
dcp  -4.800 -40.581 -15.031 0.500
dcp  -4.201 -51.127 -17.007 0.500
dcp  -5.275 -63.487 -19.871 1.000
dcp  -6.222 -73.209 -20.269 1.500
dcp  -10.078 -82.069 -22.857 1.000
bp   -11.094 -83.655 -23.616 1.500
dcp  -11.982 -84.378 -23.633 0.500
dcp  -16.112 -89.094 -26.282 1.000
dcp  -20.917 -94.666 -30.767 0.250
dcp  -25.237 -99.788 -35.606 0.500
dcp  -32.208 -103.498 -39.108 1.000
dcp  -40.057 -111.457 -40.377 0.500
dcp  -44.314 -115.263 -42.042 1.000
dcp  -47.072 -120.586 -42.870 0.500
ne   -52.497 -123.346 -46.226 0.250
dcp  -11.103 -84.859 -23.392 1.500
dcp  -11.097 -90.762 -22.754 1.500
dcp  -10.893 -105.113 -18.969 1.500
dcp  -7.493 -117.933 -15.744 1.500
dcp  -9.186 -128.663 -11.554 1.000
dcp  -11.757 -131.218 -7.548 0.750
ne   -12.273 -134.100 2.046 1.000
mto  -1.698 -2.576 8.008 0.250
dcp  -5.059 0.272 7.542 1.000
dcp  -4.042 -1.097 12.501 0.500
bp   -3.001 -1.231 15.175 1.500
dcp  -2.110 -1.685 17.236 1.500
dcp  -0.379 -0.931 19.686 1.000
dcp  0.968 -0.408 22.554 1.000
dcp  2.982 1.545 25.327 1.500
dcp  4.606 3.252 29.549 1.500
dcp  4.818 3.115 31.610 1.000
dcp  6.025 4.522 33.641 1.000
bp   6.917 5.842 37.427 2.250
dcp  6.673 7.093 37.445 1.000
dcp  4.686 10.522 39.605 1.000
bp   3.264 12.798 42.844 1.500
dcp  2.530 12.998 43.327 1.000
dcp  1.432 13.010 45.017 1.000
dcp  0.238 12.814 49.493 1.500
dcp  -1.034 13.636 51.619 1.000
dcp  -1.761 15.626 52.797 0.500
dcp  -5.767 20.049 55.746 1.000
dcp  -9.340 24.217 57.907 0.750
dcp  -16.503 26.605 65.958 0.500
dcp  -20.215 29.292 68.520 1.000
dcp  -22.629 31.212 72.595 1.500
dcp  -23.592 35.062 80.409 0.500
dcp  -24.849 32.960 84.673 1.500
dcp  -25.709 32.889 92.065 1.000
dcp  -26.449 36.036 96.110 0.500
dcp  -26.882 38.065 98.624 0.500
dcp  -26.342 40.406 99.513 1.000
ne   -28.762 44.089 102.462 1.000
dcp  2.864 13.713 43.280 1.500
dcp  2.440 16.946 45.570 1.000
dcp  1.305 19.835 48.213 0.500
dcp  1.350 22.297 51.404 1.000
dcp  1.053 28.169 56.161 1.000
dcp  1.516 32.710 59.387 1.500
dcp  2.044 36.209 63.144 1.000
dcp  2.943 37.545 65.899 2.000
dcp  3.717 45.120 70.932 2.000
dcp  4.344 53.563 76.159 0.250
dcp  5.829 61.482 80.839 0.250
dcp  6.202 68.197 84.582 0.250
dcp  7.340 74.185 86.683 1.500
dcp  12.443 80.988 89.431 1.500
dcp  14.711 85.260 90.725 1.000
dcp  17.255 88.350 94.610 1.000
dcp  20.283 90.702 97.336 1.000
ne   22.108 91.068 103.843 0.500
dcp  7.345 6.761 38.475 1.500
dcp  9.972 5.887 41.149 1.500
bp   12.719 5.862 45.595 2.500
dcp  14.031 5.127 45.047 1.000
dcp  15.972 2.190 49.989 0.500
dcp  19.852 -3.094 56.910 1.000
dcp  21.889 -10.558 65.422 0.750
dcp  27.009 -15.549 72.295 1.000
dcp  30.894 -17.866 77.867 0.500
dcp  33.921 -22.023 85.223 1.000
dcp  35.518 -25.105 92.162 0.500
dcp  35.561 -23.831 94.546 0.500
dcp  37.843 -28.992 102.610 1.000
dcp  42.138 -30.429 104.559 1.000
ne   45.757 -32.726 108.552 0.500
dcp  13.456 6.851 45.918 1.500
dcp  17.940 8.185 48.821 1.000
dcp  23.144 9.289 53.302 1.000
dcp  27.790 10.971 58.636 1.500
dcp  31.856 12.001 63.229 1.000
dcp  36.027 10.888 65.243 1.000
dcp  40.419 13.208 67.856 0.500
dcp  42.281 16.018 67.973 1.000
dcp  49.523 20.901 69.979 1.000
dcp  52.976 25.347 71.709 1.000
dcp  55.976 27.640 74.676 0.250
dcp  60.302 33.369 75.522 0.250
dcp  64.495 34.078 76.169 1.000
dcp  70.310 41.225 78.563 2.000
dcp  74.696 45.308 80.051 1.000
dcp  80.630 54.484 78.293 1.000
dcp  86.762 57.577 78.444 1.000
ne   94.973 60.989 84.861 1.000
dcp  -3.307 -2.478 17.943 1.500
dcp  -5.462 -5.917 19.452 2.000
dcp  -8.494 -10.052 22.764 2.000
bp   -10.302 -15.113 27.283 1.000
dcp  -10.756 -14.902 27.283 0.500
dcp  -13.659 -12.254 29.667 1.000
dcp  -17.231 -11.041 36.028 1.000
bp   -17.423 -14.412 45.799 1.000
dcp  -17.208 -15.726 49.904 0.750
dcp  -17.900 -16.617 54.010 1.000
dcp  -18.363 -15.835 55.959 1.500
dcp  -16.654 -15.129 61.500 0.500
dcp  -16.502 -14.210 65.882 1.000
dcp  -17.694 -13.217 71.164 1.500
dcp  -19.303 -13.120 81.100 1.000
dcp  -17.004 -15.287 89.633 0.500
dcp  -17.245 -15.213 91.695 1.000
dcp  -14.528 -16.485 95.576 0.500
dcp  -10.218 -18.481 98.426 0.500
ne   -8.750 -21.840 105.541 1.000
dcp  -18.541 -14.442 46.700 0.500
dcp  -22.003 -16.544 48.645 1.000
dcp  -24.543 -16.074 51.060 0.500
dcp  -26.989 -15.405 58.451 1.000
dcp  -30.325 -12.503 61.625 0.500
dcp  -33.929 -13.725 66.614 0.500
dcp  -34.615 -18.745 73.082 1.000
dcp  -34.813 -27.450 74.828 1.000
dcp  -33.493 -32.310 72.762 0.250
dcp  -33.960 -35.679 71.373 0.500
dcp  -37.348 -41.170 70.174 0.500
dcp  -40.112 -44.729 68.220 1.000
ne   -43.863 -50.408 68.228 1.000
dcp  -9.745 -15.102 23.466 1.000
dcp  -11.851 -16.660 23.367 1.000
bp   -15.207 -19.716 23.539 1.000
ne   -15.797 -19.798 24.746 0.500
dcp  -15.978 -20.779 24.488 1.000
bp   -25.850 -18.878 25.902 1.000
dcp  -25.850 -18.878 25.902 0.500
dcp  -26.099 -18.229 26.031 0.500
dcp  -25.106 -18.464 28.157 1.000
dcp  -25.578 -23.026 29.843 0.750
dcp  -26.490 -29.715 34.586 1.000
dcp  -26.195 -36.181 36.673 1.500
dcp  -26.992 -44.397 41.575 1.000
dcp  -27.372 -49.944 43.549 0.500
dcp  -30.094 -56.374 47.374 0.500
dcp  -32.573 -59.324 48.706 1.000
dcp  -34.104 -61.423 52.423 0.250
dcp  -35.570 -63.975 53.708 1.000
dcp  -36.208 -70.077 56.036 0.500
dcp  -38.224 -74.400 58.381 1.000
dcp  -40.259 -79.356 62.900 0.250
dcp  -41.812 -85.051 66.259 0.500
dcp  -41.547 -86.850 69.993 1.500
dcp  -43.137 -89.077 71.343 0.500
dcp  -42.534 -89.559 74.918 1.000
ne   -42.690 -92.850 79.536 0.500
dcp  -27.414 -18.682 25.772 1.000
dcp  -29.898 -18.094 27.704 1.000
dcp  -31.235 -20.369 28.812 1.000
dcp  -32.955 -22.874 30.339 0.750
dcp  -35.598 -23.811 31.882 1.500
dcp  -38.722 -26.370 31.942 1.000
bp   -39.430 -26.112 32.184 1.000
dcp  -40.012 -26.178 32.361 1.000
dcp  -44.306 -27.697 34.611 1.000
dcp  -52.213 -29.863 39.919 0.750
dcp  -57.144 -29.200 41.592 1.000
dcp  -62.469 -29.972 43.908 0.500
dcp  -66.664 -30.685 47.142 0.750
dcp  -71.281 -34.080 50.453 0.500
dcp  -77.988 -37.224 49.448 0.500
dcp  -86.404 -32.201 51.526 1.000
ne   -93.817 -25.618 52.544 0.500
dcp  -39.121 -26.041 31.459 1.000
dcp  -40.859 -26.811 30.040 1.000
dcp  -47.999 -27.335 28.587 1.000
dcp  -51.903 -28.607 29.389 0.750
dcp  -55.157 -29.079 28.388 1.000
dcp  -56.888 -28.058 27.664 1.000
dcp  -63.946 -28.406 25.486 1.000
dcp  -69.040 -29.865 23.002 0.500
dcp  -74.717 -29.616 22.419 0.250
dcp  -80.757 -31.329 21.319 1.000
dcp  -85.188 -33.141 24.777 0.500
dcp  -87.294 -34.700 24.678 0.500
dcp  -90.403 -37.818 25.639 1.500
dcp  -96.311 -38.065 25.169 0.250
dcp  -100.236 -39.385 29.063 1.000
dcp  -103.682 -38.492 31.478 1.000
ne   -104.062 -38.125 35.665 1.000
mto  -1.376 -7.802 3.928 1.000
dcp  -2.079 -9.901 12.139 1.500
dcp  -1.744 -12.732 19.254 1.750
dcp  -1.350 -14.253 22.811 1.500
dcp  -1.686 -16.747 25.015 1.000
dcp  -7.581 -16.967 26.364 1.500
bp   -7.875 -17.597 27.990 1.500
dcp  -7.695 -17.804 27.442 1.000
dcp  -7.849 -23.457 29.417 1.000
bp   -6.855 -25.467 29.818 0.250
dcp  -6.508 -27.089 32.827 1.000
dcp  -5.387 -30.600 35.208 2.000
dcp  -3.404 -35.812 39.084 0.500
dcp  -1.731 -42.874 45.841 1.000
dcp  2.112 -50.604 48.540 1.000
dcp  8.895 -60.310 51.351 0.250
dcp  14.716 -69.124 55.563 0.500
dcp  17.459 -77.437 66.796 1.000
dcp  19.838 -77.661 69.599 1.500
dcp  21.920 -82.068 74.459 0.250
dcp  22.822 -85.458 75.809 1.000
dcp  24.635 -90.443 75.321 0.250
dcp  25.006 -94.379 72.595 0.500
dcp  23.314 -96.235 70.918 0.500
dcp  20.064 -95.514 66.843 0.500
dcp  17.656 -96.537 63.474 1.000
dcp  16.274 -98.909 60.154 0.500
ne   14.491 -100.366 57.269 1.000
dcp  -6.914 -26.186 30.413 0.500
dcp  -3.448 -31.766 31.262 1.000
dcp  -1.035 -36.055 32.305 0.500
dcp  0.641 -37.194 33.513 0.500
dcp  3.983 -38.310 34.914 1.500
dcp  7.073 -39.965 35.638 0.250
dcp  8.814 -42.147 37.376 1.000
dcp  12.168 -45.010 38.872 1.000
dcp  17.118 -47.409 40.145 1.000
dcp  22.544 -50.562 41.287 0.750
dcp  25.729 -58.519 43.857 0.500
dcp  30.568 -62.931 48.251 1.500
dcp  33.644 -66.983 52.274 0.500
dcp  37.133 -71.922 57.681 0.250
dcp  41.064 -75.916 65.956 0.500
dcp  44.578 -78.436 73.766 1.000
dcp  48.419 -82.031 80.834 1.000
dcp  48.970 -84.990 82.248 1.000
dcp  53.347 -86.842 86.435 0.500
dcp  55.663 -87.199 90.752 0.500
ne   55.468 -92.941 95.029 0.500
dcp  -9.806 -16.416 30.905 1.000
dcp  -12.584 -18.823 35.700 1.000
dcp  -14.936 -19.135 39.499 1.000
dcp  -16.143 -21.132 40.430 1.000
dcp  -17.990 -24.500 41.215 0.250
dcp  -20.591 -28.303 44.655 1.000
dcp  -23.331 -29.447 48.985 0.500
dcp  -24.854 -27.981 55.121 1.000
dcp  -25.292 -28.920 58.985 1.000
dcp  -27.243 -28.372 64.073 1.000
bp   -26.976 -28.392 65.652 1.000
dcp  -28.116 -27.879 66.682 1.500
dcp  -25.673 -27.372 71.741 1.000
dcp  -27.108 -30.449 82.478 1.500
dcp  -28.494 -32.239 83.957 1.000
dcp  -32.223 -31.362 90.736 1.000
dcp  -31.799 -29.861 96.583 0.500
dcp  -34.243 -29.779 103.056 0.500
dcp  -35.953 -31.670 107.320 1.500
dcp  -38.884 -32.041 118.028 1.000
ne   -41.012 -32.463 125.708 0.500
dcp  -28.221 -29.286 65.811 1.500
dcp  -30.036 -29.629 65.004 0.500
dcp  -32.122 -33.510 66.932 0.500
dcp  -36.154 -37.425 69.148 0.500
dcp  -39.263 -40.543 70.109 0.500
dcp  -43.438 -41.214 74.132 1.000
dcp  -47.194 -39.805 78.190 0.500
dcp  -47.662 -39.625 80.251 1.500
dcp  -51.045 -40.965 82.390 0.500
dcp  -54.072 -42.132 84.352 0.500
dcp  -58.824 -44.042 86.715 0.250
dcp  -63.475 -45.142 86.180 0.500
ne   -64.719 -48.402 87.576 0.500
mto  -3.443 -8.094 -0.518 1.500
dcp  -4.720 -11.424 -1.730 1.000
dcp  -10.157 -17.167 -2.705 2.250
bp   -12.393 -18.413 -5.590 2.500
dcp  -15.366 -17.098 -5.349 1.500
dcp  -20.445 -17.342 -5.207 1.000
dcp  -24.966 -16.390 -4.193 0.750
bp   -27.040 -17.288 -4.646 2.500
dcp  -27.727 -16.987 -3.616 0.500
dcp  -38.744 -18.134 -7.471 1.000
bp   -40.220 -19.525 -7.200 1.000
dcp  -40.524 -18.994 -6.587 2.000
dcp  -41.537 -17.617 -4.815 0.750
dcp  -44.617 -17.123 -4.526 1.000
dcp  -47.540 -14.519 -2.930 1.000
dcp  -53.438 -14.152 -0.662 1.000
dcp  -67.433 -5.124 1.498 1.500
dcp  -78.819 -1.146 1.175 1.000
dcp  -87.063 4.244 0.774 1.500
dcp  -94.813 11.288 -0.205 1.000
dcp  -103.141 15.315 -0.688 1.000
dcp  -110.605 17.054 -0.593 1.000
dcp  -117.689 21.975 -1.235 1.500
dcp  -124.166 29.382 0.348 1.500
dcp  -127.535 38.128 3.125 0.500
dcp  -131.540 44.330 3.919 1.000
dcp  -134.650 51.856 4.618 1.000
ne   -137.345 56.134 4.058 0.500
dcp  -40.683 -20.518 -6.976 0.500
dcp  -43.969 -25.199 -11.073 0.500
dcp  -57.044 -27.209 -21.324 0.750
dcp  -63.343 -26.522 -26.270 1.000
dcp  -70.378 -25.635 -30.733 0.500
dcp  -73.306 -23.041 -31.988 1.000
dcp  -76.035 -20.612 -33.001 0.750
dcp  -79.903 -17.667 -36.865 0.500
dcp  -81.133 -14.390 -38.279 0.750
dcp  -84.791 -14.545 -42.613 1.000
dcp  -90.968 -15.960 -45.468 1.000
dcp  -97.240 -15.214 -50.656 1.000
dcp  -103.451 -10.786 -53.908 0.750
ne   -115.856 -4.853 -58.272 1.000
dcp  -26.579 -18.074 -2.714 1.000
dcp  -30.626 -25.570 -1.887 1.000
dcp  -31.023 -31.746 -1.620 0.500
dcp  -32.086 -35.799 -1.690 1.000
dcp  -32.356 -39.337 1.044 0.500
dcp  -36.889 -43.733 5.675 2.250
dcp  -41.558 -44.283 12.001 0.500
dcp  -49.246 -44.205 17.102 1.000
dcp  -51.673 -42.312 19.357 1.000
dcp  -54.750 -43.585 24.653 0.500
dcp  -56.342 -47.001 25.196 1.000
dcp  -57.709 -48.748 27.464 1.000
dcp  -59.313 -56.921 28.662 1.000
dcp  -66.169 -63.341 31.244 1.000
dcp  -68.917 -65.685 31.917 1.500
dcp  -70.673 -74.183 36.383 0.250
dcp  -71.495 -82.455 37.646 0.500
dcp  -73.252 -87.997 37.913 1.000
dcp  -76.637 -96.439 37.033 0.250
dcp  -78.792 -101.653 36.816 1.000
dcp  -83.102 -104.387 36.441 0.250
ne   -89.881 -104.728 37.661 0.500
dcp  -13.212 -19.578 -5.189 1.500
dcp  -14.862 -23.708 -7.932 1.000
dcp  -15.497 -31.577 -15.091 1.500
dcp  -18.176 -37.321 -20.413 1.000
dcp  -17.825 -46.034 -32.066 1.000
bp   -17.414 -51.659 -34.938 1.000
dcp  -18.275 -52.323 -35.197 0.500
dcp  -16.991 -50.752 -36.740 0.500
dcp  -17.950 -52.217 -41.863 0.500
dcp  -17.659 -54.551 -46.021 1.000
dcp  -19.633 -59.377 -53.628 0.500
dcp  -21.018 -64.122 -62.443 0.500
dcp  -23.372 -69.760 -74.431 0.500
dcp  -25.451 -74.219 -81.185 0.500
dcp  -28.462 -80.084 -93.303 0.500
dcp  -31.841 -81.415 -98.926 0.500
ne   -32.448 -85.676 -102.877 0.500
dcp  -15.768 -57.003 -40.708 0.500
dcp  -16.527 -63.363 -43.115 0.500
dcp  -17.798 -70.230 -44.927 1.000
dcp  -18.657 -73.255 -47.829 0.500
dcp  -19.396 -75.432 -48.959 1.000
dcp  -20.364 -84.606 -53.108 0.500
dcp  -22.707 -89.038 -54.708 0.750
dcp  -26.476 -91.206 -55.920 0.500
dcp  -27.586 -91.221 -56.050 0.500
dcp  -32.403 -97.410 -59.393 0.500
dcp  -33.899 -102.984 -60.398 0.500
dcp  -35.293 -108.339 -61.338 0.500
ne   -36.196 -114.417 -64.470 0.500
mto  -0.824 7.580 1.256 0.250
scp  -0.824 7.580 1.256 0.250
scp  0.332 6.509 1.126 0.250
scp  3.549 3.943 0.868 0.250
scp  5.242 1.659 2.058 0.250
scp  6.261 0.294 3.136 0.250
scp  6.786 -0.945 2.635 0.250
scp  7.098 -3.826 2.230 0.250
scp  4.628 -6.757 -1.350 0.250
scp  2.854 -9.379 0.660 0.250
scp  2.156 -9.691 -1.048 0.250
scp  -1.628 -9.525 -1.436 0.250
scp  -2.988 -8.891 -1.436 0.250
scp  -4.014 -5.177 -2.721 0.250
scp  -5.667 -2.807 -2.333 0.250
scp  -5.775 0.511 -1.798 0.250
scp  -6.077 4.597 -1.617 0.250
scp  -5.962 7.208 -0.969 0.250
scp  -4.036 8.974 -0.322 0.250
mae  -1.113 8.144 -0.193 0.250
