3d
mto          -78         -5        -22         38
dcp         -104        -13        -24         18
dcp         -141        -26        -43         20
dcp         -172        -44        -60         10
dcp         -214        -48        -76          8
dcp         -238        -60        -89         15
dcp         -263        -58       -108         20
dcp         -303        -71       -132         25
dcp         -339        -79       -153         15
bp          -339        -80       -145         15
dcp         -366        -84       -170         18
dcp         -363        -83       -208          8
dcp         -376        -83       -234         10
dcp         -388        -79       -254         10
dcp         -405        -66       -314         10
dcp         -433        -63       -345          8
dcp         -439        -65       -373         10
dcp         -448        -82       -425         10
dcp         -454        -93       -468          5
dcp         -467       -112       -504          8
dcp         -480       -131       -539          8
dcp         -493       -141       -597         10
dcp         -514       -162       -637         10
dcp         -529       -180       -686          8
bp          -540       -183       -698         18
dcp         -539       -178       -717          8
dcp         -554       -178       -776         10
dcp         -564       -196       -810          5
dcp         -587       -202       -845         10
dcp         -592       -201       -886          5
dcp         -605       -204       -905         10
dcp         -608       -213       -939          5
dcp         -592       -231       -962         10
dcp         -600       -241       -969          5
dcp         -588       -244       -972          5
dcp         -608       -253       -982          5
dcp         -593       -264       -985          5
dcp         -617       -275      -1006          5
dcp         -602       -277      -1013          5
dcp         -585       -300      -1027          5
dcp         -560       -285      -1031          5
dcp         -543       -280      -1057          5
dcp         -533       -293      -1071          5
mae         -501       -289      -1097          5
dcp         -550       -191       -712         10
dcp         -567       -205       -728          5
dcp         -576       -231       -743          5
dcp         -591       -268       -765          5
dcp         -621       -311       -784          5
dcp         -634       -332       -798          5
dcp         -632       -370       -820         10
dcp         -643       -393       -852          5
dcp         -649       -415       -866          5
dcp         -648       -439       -878          5
dcp         -666       -458       -895          5
dcp         -672       -471       -915          5
dcp         -687       -500       -936          5
dcp         -690       -510       -963         10
dcp         -700       -537       -973          5
dcp         -707       -554      -1002          5
mae         -717       -581      -1012          5
dcp         -353        -82       -172         15
dcp         -382        -93       -172         10
dcp         -404       -110       -176         15
dcp         -419       -107       -184         10
bp          -444       -113       -189         20
dcp         -440       -118       -192         15
dcp         -458       -136       -201         15
dcp         -483       -143       -208         15
bp          -486       -145       -222         20
dcp         -493       -143       -222          5
dcp         -520       -146       -223          5
dcp         -529       -152       -235         10
dcp         -561       -163       -248          5
dcp         -586       -181       -253          5
dcp         -618       -194       -277         10
dcp         -637       -217       -286          5
dcp         -665       -232       -303          8
dcp         -681       -245       -324          5
dcp         -700       -267       -333          5
dcp         -718       -286       -350          5
dcp         -733       -293       -362          5
dcp         -751       -293       -365          5
dcp         -761       -301       -375          5
dcp         -786       -309       -398          5
dcp         -808       -322       -396          5
dcp         -821       -331       -395          5
dcp         -846       -350       -417          5
dcp         -866       -356       -427         10
dcp         -903       -359       -452          5
dcp         -946       -344       -462          5
dcp         -967       -336       -461         10
dcp         -996       -319       -478          5
dcp        -1022       -320       -497         10
dcp        -1044       -333       -520          5
dcp        -1069       -341       -528          5
dcp        -1109       -343       -555          2
dcp        -1109       -346       -571         10
dcp        -1149       -331       -591          5
dcp        -1172       -329       -612         10
dcp        -1194       -325       -647         10
dcp        -1205       -347       -667          5
dcp        -1234       -378       -697          5
dcp        -1255       -389       -709          5
dcp        -1277       -403       -758          5
dcp        -1278       -415       -776          5
dcp        -1295       -413       -794         10
dcp        -1311       -423       -817         10
mae        -1330       -389       -814          5
dcp         -477       -149       -217         10
dcp         -484       -157       -218         10
dcp         -491       -181       -220         10
dcp         -513       -215       -232          5
dcp         -529       -257       -237          5
dcp         -558       -296       -240         10
dcp         -603       -329       -238          5
dcp         -662       -376       -211          5
dcp         -688       -416       -201         10
dcp         -729       -455       -186         10
dcp         -776       -504       -189         15
dcp         -813       -573       -193         10
dcp         -851       -627       -186         10
dcp         -881       -702       -162          5
dcp         -919       -765       -136          5
dcp         -954       -821       -124         15
dcp        -1007       -872       -100          5
dcp        -1038       -902       -104          5
dcp        -1052       -935       -131          5
dcp        -1077       -969       -138          5
dcp        -1120      -1005       -151         15
dcp        -1169      -1043       -149          5
dcp        -1195      -1072       -153         10
dcp        -1235      -1094       -143          5
dcp        -1286      -1120       -142          5
mae        -1299      -1140       -146          5
dcp         -446       -111       -183         10
dcp         -490       -102       -166         10
dcp         -522        -85       -152         10
dcp         -579        -68       -147         15
dcp         -613        -40       -123         10
bp          -671        -26       -116         10
dcp         -677        -17       -109          8
dcp         -703          2        -92          8
dcp         -706          2        -87          5
dcp         -742         19        -83         10
dcp         -781         58        -66          5
dcp         -831         84        -79         10
dcp         -857        113        -55         10
dcp         -902        128        -44          5
dcp         -935        160        -25          5
dcp         -985        184          2          5
dcp        -1018        188          1         10
dcp        -1043        199          5          5
dcp        -1080        237         22          5
dcp        -1111        284         29          5
dcp        -1149        335         48         10
dcp        -1196        384         50          5
dcp        -1231        409         52          5
dcp        -1241        429         45          5
mae        -1266        441         41         10
dcp         -671        -32       -109          5
dcp         -686        -50       -103         10
dcp         -707        -62       -111          5
dcp         -762        -55       -112         10
dcp         -818        -49       -104          5
dcp         -860        -33        -85         10
dcp         -913        -48        -72         10
dcp         -958        -53        -65         10
dcp        -1014        -49        -49          5
dcp        -1064        -42        -40         15
dcp        -1123        -41        -30         10
dcp        -1183        -51        -19          8
dcp        -1234        -57        -12         10
dcp        -1300        -71          3         15
dcp        -1363        -76         12          5
dcp        -1433        -94         -5          5
dcp        -1493        -86         12          5
dcp        -1547        -87          9         10
dcp        -1622        -96         24         10
dcp        -1639        -93         32         10
dcp        -1694        -83         28          5
dcp        -1729        -89         13          5
dcp        -1772        -96         15         10
dcp        -1818       -103          7          5
mae        -1855        -97         -4         10
mto           77         -6        -12         35
dcp           98        -14        -30         25
dcp          120        -19        -30         25
dcp          144        -34        -32         20
dcp          171        -38        -31         15
dcp          193        -46        -49         15
bp           212        -51        -52         15
dcp          228        -51        -56         22
dcp          242        -56        -54         10
dcp          257        -59        -59         10
dcp          267        -58        -66         18
dcp          299        -54        -76         15
dcp          317        -54        -88         10
dcp          333        -53        -90         20
bp           346        -52       -112         20
dcp          346        -44       -113         15
dcp          361        -28       -150         10
dcp          364        -26       -163         10
dcp          400        -26       -206         15
dcp          431        -76       -234         15
dcp          441        -77       -269          5
dcp          462        -95       -347          5
dcp          495        -96       -389         10
dcp          523       -108       -441         10
dcp          559       -119       -517          5
dcp          594       -131       -546          5
dcp          649       -139       -598         10
dcp          697       -155       -652          5
dcp          717       -165       -759          5
dcp          744       -152       -827         10
dcp          752       -152       -867          5
dcp          750       -160       -889          5
dcp          767       -164       -906         10
dcp          786       -169       -911         10
dcp          790       -182       -913          5
dcp          813       -193       -919          5
dcp          819       -202       -933          5
dcp          848       -209       -941         10
dcp          869       -207       -952         15
dcp          897       -210       -974         15
dcp          928       -229       -991          5
dcp          973       -244      -1002          5
dcp         1010       -262      -1013          5
dcp         1041       -282      -1025          5
dcp         1069       -302      -1040          5
mae         1087       -302      -1040          5
dcp          347        -50        -96         10
dcp          357        -52       -101         10
dcp          382        -56       -101         15
dcp          410        -57       -107          8
dcp          448        -59       -108         10
dcp          479        -41       -106         10
dcp          517        -34       -103         15
dcp          535        -42        -99         10
bp           556        -34       -102         15
dcp          563        -35        -94         10
dcp          582        -41        -89         10
dcp          611        -51        -74         10
dcp          659        -53        -47          5
dcp          701        -51        -50          8
dcp          728        -67        -41         10
dcp          761        -70        -30          5
dcp          791        -73        -16         10
dcp          829        -96         -6         15
dcp          855        -96          0         15
dcp          877       -100          3         10
dcp          900       -110         28         10
bp           923       -113         26         15
dcp          934       -111         24          8
dcp          952       -111         40         10
dcp          981       -109         45         10
dcp          995       -124         48         10
dcp         1026       -115         68          5
dcp         1044       -132         79         10
dcp         1066       -147         72         10
dcp         1081       -152         77         10
dcp         1109       -170         91          8
dcp         1142       -172         97         10
dcp         1176       -203        101         10
dcp         1186       -242        128         10
dcp         1184       -269        136         10
dcp         1198       -292        181         10
dcp         1227       -321        185         10
dcp         1258       -339        193          5
dcp         1276       -361        185          5
dcp         1298       -395        196          5
dcp         1313       -425        196         10
dcp         1334       -472        189          5
dcp         1362       -520        185          5
dcp         1389       -555        190          5
mae         1418       -604        186          5
mae          921       -110         24          2
dcp          576        -24       -112         15
dcp          583        -20       -113         22
bp           594        -16       -110         25
dcp          613         -2       -116         10
dcp          643         20       -106          5
dcp          678         37       -107          5
dcp          712         47       -124          5
dcp          738         66       -125          5
dcp          781         92       -128          5
dcp          813        117       -138          5
dcp          847        134       -139         10
dcp          882        161       -135         10
dcp          902        175       -129          5
dcp          927        194       -127          5
dcp          948        214       -120          5
dcp          975        219       -128          5
dcp         1004        220       -119         10
dcp         1037        227       -119         10
dcp         1079        249       -113          5
dcp         1128        248        -83         10
dcp         1152        260        -68          5
dcp         1190        264        -60          5
dcp         1220        281        -51          5
dcp         1263        296        -36          5
dcp         1295        319        -23         10
dcp         1326        328         -5          5
dcp         1363        353          9          5
dcp         1412        379         25          5
dcp         1445        387         31          8
dcp         1500        388         46         10
dcp         1536        397         60          5
dcp         1566        394         63          5
dcp         1589        385         78          5
mae         1593        362         82          5
dcp          608        -23       -105         10
dcp          629        -39       -107         10
dcp          668        -48       -117         10
dcp          715        -49       -120         15
dcp          751        -50       -124          5
dcp          790        -39       -117         10
dcp          826        -29       -119          8
dcp          877        -22       -133         10
dcp          920        -17       -136         10
dcp          969          2       -140          5
dcp         1013          3       -128         10
dcp         1043         -2       -127          5
dcp         1105          6       -133          5
dcp         1152         19       -131         10
dcp         1214         45       -132          5
dcp         1244         42       -131          5
dcp         1267         40       -125         15
dcp         1303         50       -117          5
dcp         1326         69        -95          5
dcp         1368         80        -88          5
dcp         1407         99        -76         10
dcp         1438        128        -52          5
dcp         1451        140        -49          5
dcp         1497        137        -42          5
dcp         1524        141        -35          8
dcp         1550        150        -33          5
dcp         1596        169        -20         10
dcp         1632        186        -23         10
dcp         1680        220        -15          5
dcp         1732        222        -17          5
mae         1757        226        -51         10
dcp          216        -65        -49         28
dcp          223        -78        -35         15
dcp          235       -111        -41         15
dcp          248       -138        -45         15
dcp          254       -165        -49         10
dcp          263       -188        -52         15
dcp          264       -203        -55         15
bp           276       -236        -55         25
dcp          280       -243        -61          2
dcp          264       -274        -70          5
dcp          264       -301        -79         10
dcp          267       -338       -101          5
dcp          266       -362       -112          5
dcp          261       -380       -118          5
dcp          260       -412       -144         10
dcp          255       -460       -160          5
dcp          250       -480       -159          5
dcp          253       -526       -171         15
dcp          235       -573       -206         15
dcp          231       -626       -223          5
dcp          210       -657       -241         10
dcp          193       -690       -278          5
dcp          179       -726       -290          5
dcp          172       -732       -307          5
dcp          176       -824       -342         10
dcp          182       -847       -366          5
dcp          189       -869       -385          5
dcp          186       -891       -404          5
dcp          185       -904       -422          5
dcp          181       -928       -426          5
dcp          180       -943       -429          5
dcp          164       -974       -437          5
dcp          151       -994       -439          5
dcp          132      -1025       -442          5
dcp          126      -1039       -445          5
dcp          114      -1072       -459          5
dcp           99      -1109       -468          5
dcp           92      -1127       -474          5
dcp           68      -1158       -485          5
dcp           43      -1202       -507          5
dcp           33      -1220       -510          5
dcp           17      -1243       -518          5
dcp           -1      -1263       -527          5
dcp          -26      -1296       -556          5
dcp          -59      -1323       -573          5
dcp         -102      -1358       -591          5
dcp         -110      -1380       -590         10
dcp         -136      -1417       -595          2
dcp         -149      -1439       -584         10
dcp         -163      -1470       -595         10
dcp         -192      -1510       -578          5
dcp         -206      -1545       -597          5
dcp         -231      -1571       -603          5
dcp         -241      -1589       -606         10
mae         -250      -1603       -619          5
dcp          291       -238        -50         10
dcp          303       -254        -52         15
dcp          323       -273        -49         15
bp           339       -284        -53          8
dcp          340       -298        -52          5
dcp          352       -319        -40         10
dcp          373       -369        -25          5
dcp          382       -383         -7         15
dcp          399       -424          5          5
dcp          419       -439         31         10
dcp          438       -453         50          5
dcp          438       -465         61         10
dcp          448       -483         81         15
dcp          475       -518         91         10
dcp          501       -555        127          5
dcp          520       -584        158         10
dcp          546       -601        172          5
dcp          568       -615        201         10
dcp          597       -632        222         10
dcp          616       -650        233         10
dcp          633       -653        256          5
dcp          655       -677        266         10
dcp          678       -697        286          5
dcp          695       -732        306          5
dcp          704       -756        313          5
dcp          713       -790        328          5
dcp          723       -820        346          5
dcp          747       -867        380         10
dcp          779       -892        384          5
dcp          812       -940        428         10
dcp          839       -965        453          5
dcp          861      -1001        474          5
dcp          874      -1047        489          5
dcp          908      -1104        522         15
dcp          926      -1142        546          8
dcp          948      -1170        581         10
dcp          964      -1196        625         10
dcp         1000      -1234        636          5
dcp         1028      -1254        649          5
mae         1061      -1305        677          5
dcp          340       -287        -40          5
dcp          380       -313        -58         10
dcp          398       -324        -64          5
dcp          424       -333        -70          5
dcp          433       -366        -75         10
dcp          445       -370        -70         10
dcp          467       -402        -72          5
dcp          476       -427        -63          5
dcp          505       -456        -59          5
dcp          523       -486        -38          5
dcp          529       -520        -21          8
dcp          530       -535         -8          5
dcp          528       -562         -5          5
dcp          529       -598         22          5
dcp          531       -628         37          5
dcp          555       -666         52          5
dcp          566       -690         66         10
dcp          588       -714         78         10
dcp          613       -739         91         10
dcp          639       -756         89         10
dcp          671       -774        100          5
dcp          692       -763        138          5
dcp          731       -801        156          5
dcp          755       -826        171          5
dcp          789       -862        179          8
dcp          832       -895        163          5
dcp          856       -921        154          5
dcp          878       -976        136          5
dcp          912      -1023        117          5
dcp          911      -1057        101          2
dcp          951      -1108         94          5
dcp          962      -1126         89          5
dcp          992      -1180         78         10
dcp         1030      -1212         70          5
dcp         1068      -1233         58          5
mae         1104      -1215         50          5
mto          -39        -60        -24         50
dcp          -39        -61        -45         40
dcp          -52        -91        -61         30
dcp          -65       -109        -90          5
dcp          -67       -135       -104         25
bp           -81       -158       -114         30
dcp          -69       -163       -134         28
dcp          -64       -184       -153         25
bp           -56       -193       -190         32
dcp          -57       -205       -192         32
dcp          -50       -207       -220         20
dcp          -41       -242       -246         15
dcp          -39       -264       -300         15
bp           -35       -248       -305         10
dcp          -41       -252       -321         15
dcp          -41       -251       -354          8
dcp          -50       -265       -392         10
dcp          -54       -271       -444         10
dcp          -41       -282       -486          5
dcp          -35       -279       -526          5
dcp          -40       -286       -581         10
dcp          -58       -294       -639          5
dcp          -72       -291       -679         15
dcp          -77       -280       -718          5
dcp          -88       -282       -765          5
dcp          -99       -286       -809         10
dcp         -115       -285       -835         10
dcp         -147       -290       -876          5
dcp         -168       -293       -902         10
dcp         -164       -267       -918          5
dcp         -180       -270       -924          5
dcp         -182       -255       -919          5
dcp         -200       -255       -920          5
dcp         -236       -254       -929          5
dcp         -243       -241       -935          5
dcp         -251       -252       -950          5
dcp         -273       -248       -963          5
dcp         -286       -229       -963         10
dcp         -304       -238       -975          5
dcp         -330       -221       -974          5
dcp         -342       -226       -983         10
dcp         -374       -240      -1007         10
dcp         -399       -255      -1016          5
dcp         -415       -257      -1022          5
dcp         -407       -293      -1027          5
dcp         -438       -275      -1036         10
dcp         -450       -270      -1048          5
dcp         -450       -289      -1059          5
dcp         -447       -300      -1074          5
mae         -448       -313      -1086          5
dcp          -33       -249       -290         15
bp           -25       -271       -326         10
dcp          -13       -273       -349          5
dcp            0       -273       -391         10
dcp           22       -268       -438         10
dcp           39       -263       -479         10
dcp           70       -253       -522          5
dcp           98       -245       -565         10
dcp          147       -197       -668          5
dcp          190       -183       -761          5
dcp          203       -172       -829          5
dcp          217       -168       -871         10
dcp          210       -165       -891         10
dcp          239       -174       -899          5
dcp          263       -191       -911          5
dcp          309       -202       -921          5
dcp          342       -215       -927          5
dcp          377       -247       -946          5
dcp          419       -262       -954          5
dcp          460       -267       -958         15
dcp          489       -282       -975          5
dcp          516       -299       -979         10
dcp          542       -316       -998         10
dcp          532       -344      -1016          5
dcp          541       -377      -1024          5
mae          557       -406      -1033          5
dcp          -28       -282       -346         10
dcp          -16       -322       -362         15
dcp          -19       -344       -381         15
bp           -15       -367       -403         15
dcp          -20       -375       -412         15
dcp          -15       -377       -420         10
dcp          -18       -418       -422          5
dcp          -18       -455       -448          5
dcp          -12       -490       -487          5
dcp          -15       -522       -505          5
dcp          -17       -540       -516          5
dcp          -21       -563       -533          5
dcp          -21       -603       -542          5
dcp          -16       -632       -575          5
dcp           -7       -656       -589         10
dcp           -8       -697       -621          5
dcp          -13       -727       -649          5
dcp           -4       -752       -686          5
dcp          -32       -797       -733          5
dcp          -44       -813       -767          5
dcp          -47       -836       -796         10
dcp          -15       -870       -831          5
dcp           -4       -907       -857          5
dcp           -2       -945       -884         10
dcp           14       -975       -901          5
dcp           18      -1008       -914          5
dcp           28      -1047       -933          5
dcp           35      -1080       -964         10
dcp           53      -1129       -979          5
dcp           84      -1155       -982          5
dcp          110      -1177      -1000         15
dcp          139      -1202      -1023          5
dcp          132      -1209      -1045         10
dcp          164      -1225      -1048          5
dcp          205      -1237      -1056          5
dcp          240      -1252      -1057          5
dcp          263      -1272      -1082          5
dcp          265      -1282      -1102          5
mae          268      -1292      -1108          5
dcp           -7       -367       -428         10
dcp           -5       -399       -459          5
dcp            0       -417       -497          5
dcp            1       -443       -532          5
dcp            3       -465       -558          5
dcp           -1       -488       -570          5
dcp           -7       -513       -595          5
dcp           -8       -526       -610          5
bp           -16       -555       -638         10
dcp          -15       -559       -651          5
dcp          -21       -572       -682          5
dcp          -26       -583       -702          5
dcp          -22       -595       -729          5
dcp          -23       -602       -748          5
dcp          -19       -625       -782          5
dcp          -17       -636       -812          5
dcp           19       -656       -869          5
dcp           56       -681       -907          5
dcp           68       -695       -932          5
dcp           81       -706       -961         10
dcp           78       -705       -982          5
dcp          116       -728       -996          5
dcp          157       -740      -1002          5
dcp          168       -756      -1006         10
dcp          202       -754      -1010          5
dcp          217       -776      -1023          5
dcp          249       -782      -1035          5
dcp          274       -787      -1045          5
dcp          289       -808      -1068          5
mae          292       -856      -1086          5
dcp          -19       -556       -631          5
dcp          -26       -583       -646          5
dcp          -39       -631       -652          5
dcp          -44       -667       -679          5
dcp          -48       -703       -705          5
dcp          -33       -753       -756          5
dcp          -33       -780       -807          5
dcp          -28       -792       -824          5
dcp          -11       -797       -834         10
dcp            7       -807       -835          5
dcp           44       -806       -838         10
dcp           64       -827       -848          5
dcp          111       -854       -871          5
dcp          142       -872       -880          5
dcp          174       -887       -886         10
dcp          214       -905       -903          5
dcp          236       -919       -904         10
dcp          257       -935       -916          5
dcp          284       -952       -923          5
dcp          318       -969       -934          5
mae          329       -997       -944          5
dcp          -66       -208       -193         15
dcp          -90       -231       -190         15
dcp          -97       -249       -199          5
dcp         -101       -262       -204         15
dcp         -114       -292       -222          5
dcp         -114       -311       -233         15
dcp         -128       -334       -235         10
dcp         -133       -373       -239         10
dcp         -140       -410       -256         15
dcp         -151       -442       -269          2
bp          -166       -496        -10          2
dcp         -171       -494        -10          2
dcp         -195       -470       -279         15
dcp         -235       -520       -309         10
dcp         -260       -519       -333          5
dcp         -285       -536       -322          8
dcp         -307       -539       -329         10
dcp         -321       -552       -337          5
dcp         -343       -540       -341         10
dcp         -372       -551       -354         10
dcp         -407       -555       -356          5
dcp         -431       -577       -356          5
dcp         -463       -590       -367          5
dcp         -481       -608       -374          5
dcp         -504       -628       -386          5
dcp         -514       -636       -388          5
dcp         -539       -661       -401          5
dcp         -558       -684       -405          5
dcp         -592       -713       -412          5
dcp         -609       -728       -420          8
dcp         -637       -749       -423          8
dcp         -678       -765       -435         15
dcp         -703       -789       -450          5
dcp         -733       -807       -467         10
dcp         -771       -822       -505          5
dcp         -805       -833       -521         10
dcp         -821       -834       -537         10
dcp         -864       -860       -564         10
dcp         -890       -862       -570          5
dcp         -924       -881       -590          5
dcp         -968       -911       -618          5
dcp         -994       -931       -643          5
dcp        -1030       -948       -657          5
mae        -1067       -940       -647         10
dcp         -152       -462       -275         15
dcp         -178       -589       -319         10
dcp         -183       -637       -335          5
dcp         -182       -652       -342         10
dcp         -182       -681       -370         10
dcp         -187       -718       -392         10
dcp         -189       -755       -411          5
dcp         -190       -808       -438          5
dcp         -181       -834       -467         10
dcp         -182       -855       -468          5
dcp         -174       -873       -481          5
dcp         -173       -909       -485          5
dcp         -168       -939       -484          5
dcp         -148       -978       -493          5
dcp         -138      -1018       -502          5
dcp         -126      -1051       -499         10
dcp         -107      -1106       -500          5
dcp         -103      -1120       -499          5
dcp          -97      -1147       -501          5
dcp          -98      -1190       -496          5
dcp          -84      -1243       -484          5
dcp          -51      -1295       -507          5
dcp          -37      -1338       -508          5
dcp          -25      -1379       -520          5
mae          -26      -1395       -517          5
dcp          -88       -165       -110         18
dcp         -102       -169       -112         15
dcp         -115       -180       -114         15
dcp         -139       -211       -128         15
dcp         -154       -219       -135          2
dcp         -181       -252       -144          5
dcp         -197       -284       -146          2
dcp         -214       -297       -164          5
dcp         -230       -331       -155         10
dcp         -252       -344       -169         10
dcp         -268       -373       -174         20
dcp         -296       -410       -174         15
dcp         -329       -427       -179         20
dcp         -343       -462       -183         20
dcp         -368       -479       -179         10
dcp         -377       -501       -188         18
bp          -383       -513       -188         25
dcp         -380       -521       -192         10
dcp         -385       -530       -194          5
dcp         -379       -557       -198         10
dcp         -374       -578       -201          2
dcp         -386       -601       -206         10
dcp         -389       -641       -213         15
dcp         -411       -676       -220         20
dcp         -417       -709       -228         15
dcp         -446       -759       -233         15
dcp         -463       -794       -245         10
dcp         -480       -838       -266         10
dcp         -487       -865       -268         10
dcp         -504       -899       -285          8
dcp         -510       -919       -298         15
dcp         -528       -959       -309         10
dcp         -533       -996       -330         10
dcp         -552      -1027       -334         10
dcp         -571      -1059       -361         10
dcp         -579      -1099       -363          5
dcp         -597      -1130       -366         18
dcp         -615      -1146       -367         10
dcp         -643      -1195       -377         10
dcp         -637      -1232       -383         10
dcp         -651      -1243       -386         10
dcp         -658      -1280       -377         15
dcp         -661      -1300       -378         20
dcp         -668      -1334       -382         15
dcp         -679      -1358       -379         15
dcp         -669      -1386       -383         10
dcp         -669      -1428       -382         10
dcp         -668      -1444       -385         10
dcp         -669      -1474       -365         15
dcp         -680      -1496       -372         15
dcp         -681      -1518       -363         15
dcp         -695      -1551       -364          5
dcp         -696      -1577       -361         15
dcp         -710      -1591       -366          8
dcp         -710      -1619       -371         10
dcp         -727      -1653       -362         15
dcp         -719      -1673       -350         10
dcp         -714      -1700       -355          5
dcp         -722      -1739       -362          2
dcp         -745      -1778       -341          5
mae         -763      -1779       -340         10
dcp         -393       -511       -186         18
dcp         -403       -521       -188         10
dcp         -431       -539       -192         15
dcp         -455       -541       -186         15
bp          -456       -546       -187         30
dcp         -468       -543       -187         15
dcp         -489       -542       -175         10
dcp         -521       -556       -164          5
dcp         -545       -558       -152         10
dcp         -580       -554       -133         15
dcp         -622       -556       -135         10
dcp         -662       -560       -140         10
dcp         -684       -573       -136         10
dcp         -711       -599       -142         15
dcp         -738       -629       -138          5
dcp         -749       -642       -140          2
dcp         -756       -661       -139          5
dcp         -788       -683       -147          5
dcp         -799       -696       -142         10
dcp         -835       -712       -136          5
dcp         -864       -725       -122          2
dcp         -893       -757       -106         10
dcp         -939       -791       -108          2
dcp         -965       -794        -82         10
dcp        -1011       -818        -55         15
dcp        -1036       -836        -37         10
dcp        -1069       -881        -31          5
dcp        -1087       -891        -33         10
dcp        -1108       -903        -26         10
dcp        -1124       -904          3         10
dcp        -1136       -920         26          5
dcp        -1161       -926         39         10
dcp        -1187       -946         37         10
dcp        -1202       -963         10         10
mae        -1228       -973        -28          8
dcp         -456       -554       -188         10
dcp         -480       -575       -193         15
dcp         -502       -599       -188          5
dcp         -517       -639       -180          5
dcp         -545       -685       -174          5
dcp         -554       -709       -173          2
dcp         -574       -735       -174         15
dcp         -598       -756       -168         20
dcp         -609       -768       -171          5
dcp         -630       -789       -170          5
dcp         -643       -839       -167         15
dcp         -664       -875       -166          5
dcp         -679       -903       -166          2
dcp         -692       -924       -176         15
dcp         -694       -950       -173         15
dcp         -706       -977       -178          5
dcp         -725       -997       -185         10
dcp         -729      -1033       -186         10
dcp         -744      -1059       -191          5
dcp         -761      -1085       -199          5
dcp         -772      -1114       -196         10
dcp         -795      -1154       -204         15
dcp         -806      -1176       -209          5
dcp         -816      -1202       -213          5
dcp         -835      -1224       -223          5
dcp         -852      -1231       -233          8
dcp         -854      -1267       -247         10
dcp         -875      -1277       -249          5
dcp         -903      -1297       -256         10
dcp         -937      -1336       -265          5
dcp         -966      -1347       -263          8
dcp         -983      -1371       -263          5
dcp         -998      -1381       -275          2
dcp        -1026      -1397       -292          5
dcp        -1032      -1420       -296         15
dcp        -1048      -1441       -303          5
dcp        -1055      -1465       -305          5
dcp        -1061      -1490       -304          5
dcp        -1067      -1510       -300          5
mae        -1062      -1543       -331         10
mto          -23         48        -15         15
dcp          -21         66        -17         15
dcp          -21        104        -41         10
dcp          -24        122        -61          5
bp           -24        150        -97         22
dcp          -23        153       -129         10
dcp          -62        124        100          2
dcp          -44        123         80         10
dcp          -48        156         60         10
bp           -48        157         53         15
dcp          -43        164         39          5
dcp          -24        189          1          5
dcp           -6        217        -49          8
dcp           30        235        -98          5
dcp           52        259       -133         10
dcp           69        275       -155         10
dcp           98        295       -178         10
dcp          111        314       -202         10
dcp          147        325       -245          5
dcp          198        342       -280         10
dcp          211        350       -286          5
dcp          251        375       -308          5
dcp          294        388       -331          5
dcp          319        406       -365         10
dcp          350        417       -397          5
dcp          372        422       -416         10
dcp          412        434       -453          2
dcp          416        431       -473          5
dcp          443        434       -482          5
dcp          467        436       -498          5
dcp          474        423       -510          5
dcp          494        440       -521          5
dcp          480        446       -544          5
dcp          455        431       -545         10
dcp          440        414       -556         10
dcp          431        408       -565          5
dcp          467        418       -587         10
dcp          490        415       -589          5
dcp          517        412       -601         10
dcp          512        400       -614          5
dcp          532        379       -614          5
dcp          543        352       -628          5
mae          544        327       -632          5
dcp          -58        159         58         10
dcp          -78        162         55         10
dcp          -96        162         42          5
dcp         -113        175         40          5
dcp         -137        173         44         10
dcp         -172        186         19          5
dcp         -212        203        -13         10
dcp         -228        220        -38          5
dcp         -234        245        -93         10
dcp         -247        274       -132          5
dcp         -252        304       -147          5
dcp         -259        326       -156          5
dcp         -265        362       -173         10
dcp         -286        380       -197          5
dcp         -310        397       -228          5
dcp         -335        411       -280          5
dcp         -377        435       -323          5
dcp         -396        462       -340         10
dcp         -411        473       -364          5
dcp         -431        495       -371          5
dcp         -444        513       -392          5
dcp         -469        528       -395          5
dcp         -493        544       -419         10
dcp         -531        548       -441          5
dcp         -570        558       -451          5
dcp         -609        574       -468          2
dcp         -648        585       -470          5
mae         -685        592       -471          5
dcp          -19        150        -92         10
dcp          -22        168        -86          5
dcp          -13        181        -86          5
dcp           -1        205        -89          5
dcp           -9        236       -104          5
dcp          -23        269       -117          2
dcp          -22        284       -120          5
dcp           47        356       -124          5
dcp           65        377       -120          5
dcp           80        401       -115          5
dcp           97        417       -112          5
dcp          111        441       -107          5
dcp          113        467       -108          5
dcp          122        491       -106          5
dcp          137        530       -116          5
dcp          137        557       -117          5
dcp          151        582       -130          5
dcp          182        619       -132          5
dcp          229        659       -136          5
dcp          275        705       -136          5
dcp          334        789       -139          5
dcp          367        855       -159          5
dcp          411        904       -159          5
dcp          480        950       -171          5
dcp          520        993       -187          5
dcp          551       1000       -198          5
dcp          574       1009       -210          5
dcp          607       1026       -221          5
dcp          620       1055       -243          5
dcp          641       1085       -237          5
dcp          661       1103       -236         10
dcp          680       1127       -238          5
mae          707       1159       -234          5
mto           19         10        117         45
dcp           27         21        160         38
bp            39         38        232         30
dcp           24         40        260         20
dcp           16         38        297         15
dcp            2         43        333         20
bp            14         39        338         22
dcp           28         33        350         20
dcp           31         28        370         20
bp            37          9        428         15
dcp           31          6        440         20
dcp           14        -17        455          5
dcp            2        -32        470          8
dcp          -22        -74        492         10
dcp          -37        -90        501         20
bp           -50       -112        512         15
dcp          -61       -114        511          5
dcp          -88       -117        520         10
dcp         -126       -146        534          8
dcp         -157       -174        548          5
dcp         -190       -198        570         10
dcp         -207       -214        579         10
dcp         -256       -251        621          8
dcp         -296       -276        661          5
dcp         -316       -302        706         15
dcp         -323       -328        714         10
dcp         -341       -355        744         10
dcp         -355       -401        772          5
dcp         -386       -449        805         10
dcp         -421       -473        827         10
dcp         -470       -489        873         10
dcp         -504       -520        907          5
dcp         -525       -542        928         10
dcp         -559       -551        970          5
dcp         -569       -560        989         10
dcp         -597       -560       1005          5
dcp         -628       -558       1035         10
dcp         -646       -549       1060          5
dcp         -672       -548       1105         10
dcp         -691       -561       1148          5
dcp         -710       -565       1210          5
mae         -712       -572       1254          5
dcp          -44       -116        509         10
dcp          -50       -131        517          5
dcp          -60       -169        538          5
dcp          -66       -199        548          8
dcp          -63       -226        563         10
dcp          -67       -270        566         10
dcp          -83       -351        572          5
dcp          -91       -429        578         10
dcp         -119       -514        613         10
dcp         -120       -605        664          5
dcp          -95       -695        746         10
dcp          -82       -744        766          5
dcp          -87       -771        777          5
dcp          -98       -831        806         10
dcp          -91       -893        832         15
dcp          -91       -893        832          5
dcp          -75       -937        835         10
dcp          -71       -973        827          5
dcp          -65       -999        825          5
dcp          -63      -1030        825          5
dcp          -71      -1059        820         10
dcp          -77      -1159        818          5
dcp          -84      -1204        810          5
dcp          -78      -1240        801          5
dcp          -77      -1303        785          5
dcp          -56      -1361        784          5
mae          -52      -1403        777          5
dcp           40         14        439         15
dcp           35         14        459         15
bp            41          8        484         15
dcp           37          0        490          5
dcp           20        -13        512         10
dcp           15        -24        535         15
dcp            8        -29        577         10
dcp            2        -34        599         10
dcp           -2        -40        649         10
dcp            1        -29        701         10
dcp           -2        -27        724         10
dcp           -8        -33        764         10
dcp          -11        -33        799          5
dcp           -8        -34        827         10
dcp            1        -48        848          5
dcp           18        -53        878          5
dcp           28        -52        899         10
dcp           62        -59        917         10
dcp           87        -53        948         10
dcp          101        -48        977         10
dcp          112        -47        995          5
dcp          130        -59       1009         10
dcp          140        -70       1038          5
dcp          140        -87       1058          5
dcp          154       -102       1077          5
dcp          169       -115       1111         10
dcp          174       -124       1137          5
dcp          170       -139       1157          5
dcp          185       -153       1194         10
dcp          199       -187       1219          5
dcp          204       -205       1252          5
dcp          206       -228       1286          5
dcp          194       -245       1328          5
dcp          209       -266       1361          5
dcp          208       -277       1379          5
dcp          241       -308       1403          5
dcp          264       -339       1407          5
dcp          285       -357       1405          5
mae          292       -370       1406          5
dcp           50         10        489         10
dcp           64         14        501         10
dcp           81         22        521         15
dcp           96         27        540         15
bp           103         34        552         10
dcp          115         31        564          5
dcp          134         35        602          8
dcp          155         45        632         10
dcp          179         69        653          5
dcp          218         76        688          5
dcp          237         53        711          5
dcp          257         49        721          5
dcp          277         55        741          5
dcp          306         38        737          5
dcp          313         26        735          5
dcp          309          1        731          5
dcp          319        -30        731          5
dcp          320        -55        747          5
dcp          336        -80        764          5
dcp          345        -96        782          5
dcp          351       -122        785          5
dcp          356       -151        788          5
dcp          362       -177        792          5
dcp          363       -194        799         10
dcp          375       -225        825          5
dcp          375       -226        830          5
dcp          377       -258        829          5
dcp          379       -279        841         10
dcp          390       -295        852         10
dcp          422       -340        878          5
dcp          420       -356        881          5
dcp          450       -371        892          5
dcp          469       -407        905          5
dcp          504       -431        925         10
dcp          526       -435        930         10
dcp          559       -457        946         10
dcp          618       -469        969         10
dcp          659       -468        989          5
dcp          711       -467        992          5
mae          771       -468        984         10
dcp          100         43        563          5
dcp          109         65        590          5
dcp          116         85        614          5
dcp          124        103        618          5
dcp          137        131        648          5
dcp          151        154        689          5
dcp          179        181        743          5
dcp          186        200        772          5
dcp          206        217        806          5
dcp          234        234        833          5
dcp          243        259        853          5
dcp          271        284        894          5
dcp          306        301        919         10
dcp          335        321        954          5
dcp          357        364        990          5
dcp          375        395       1027          5
dcp          383        433       1064         10
dcp          407        485       1104          5
mae          415        522       1147          5
dcp            8         38        353         22
dcp           -7         39        367         22
dcp          -28         59        390         15
dcp          -34         64        403         15
bp           -42         63        418         18
dcp          -52         66        418         15
dcp          -67         65        427         10
dcp          -78         66        440         10
dcp         -101         74        460          5
dcp         -159         72        480         15
dcp         -221         81        509          8
dcp         -264         84        526          5
dcp         -290         84        550          5
bp          -315         88        565         15
dcp         -315         89        575         15
dcp         -333        109        580          5
dcp         -348        120        586         10
dcp         -380        135        608         10
dcp         -406        164        617         10
dcp         -446        179        648          8
dcp         -469        181        660          5
dcp         -497        200        667          5
dcp         -536        210        685         10
dcp         -570        227        711          5
dcp         -614        237        736         10
dcp         -654        250        752         10
dcp         -687        273        775          5
dcp         -705        301        791          5
dcp         -725        316        811         10
dcp         -763        358        839          5
dcp         -805        375        863         10
dcp         -839        401        889          5
dcp         -852        421        924          5
dcp         -876        447        935          5
dcp         -940        481        974         10
dcp         -976        518        999          5
dcp        -1003        544       1022          5
mae        -1047        543       1033         10
dcp         -312         78        573         15
dcp         -326         75        582         10
dcp         -355         66        618         10
dcp         -379         62        629         15
dcp         -432         49        664         10
dcp         -501         29        686         10
dcp         -526         13        710         10
bp          -550         -8        733         10
dcp         -555         -5        723          5
dcp         -606         -5        772          5
dcp         -639        -21        806          5
dcp         -677        -36        842          5
dcp         -712        -41        903          5
dcp         -723        -54        908          5
mae         -702        -72        931          5
dcp         -550         -7        726         10
dcp         -590        -31        732          5
dcp         -616        -50        728          5
dcp         -664        -86        735          8
dcp         -680        -97        735          5
dcp         -715       -120        727          5
dcp         -760       -171        726         10
dcp         -798       -199        730          5
dcp         -813       -226        727         10
dcp         -844       -255        744          5
dcp         -900       -280        765         10
dcp         -955       -302        779         10
dcp         -974       -313        781         10
dcp        -1049       -345        820          5
dcp        -1075       -352        838         10
dcp        -1139       -370        845         10
dcp        -1189       -382        841          5
dcp        -1217       -389        833          5
dcp        -1287       -362        847         15
dcp        -1347       -334        852          5
dcp        -1370       -325        868         10
mae        -1396       -324        882         10
dcp          -38         69        422          5
dcp          -33         78        421          2
dcp          -35         89        438         10
dcp          -45        101        460          5
dcp          -51        107        481         10
dcp          -63        141        524         10
dcp          -69        167        549          5
dcp          -71        178        563          8
dcp          -75        190        575          5
dcp          -69        212        590         10
dcp          -62        238        612          5
dcp          -64        260        636         10
dcp          -59        280        663          5
dcp          -49        306        680          5
dcp          -45        340        689          5
dcp          -40        351        708          5
dcp          -33        378        754         10
dcp          -28        394        772          5
dcp          -22        430        799         10
dcp          -16        461        817          5
dcp          -11        489        832          5
dcp           -5        510        851          5
dcp           -7        532        880         15
dcp           -8        567        904          5
dcp          -13        606        926          5
dcp           -6        642        952          5
dcp           -2        687        988          5
dcp            3        713       1008          5
dcp            5        751       1015         10
dcp            3        809       1045         10
dcp           -9        862       1074          5
dcp          -33        910       1106          5
dcp          -52        964       1140          5
mae          -75       1002       1170          5
dcp           44         37        232         20
dcp           51         43        234         15
dcp           74         53        244         10
dcp           83         65        254         10
dcp          108         74        267         10
bp           123         90        273         20
dcp          133         80        284         10
dcp          174         78        291         10
dcp          216         78        316         10
dcp          260         70        339          5
dcp          284         64        334          5
dcp          299         60        349         10
bp           310         63        348         15
dcp          310         64        371          2
dcp          327         68        382          2
dcp          333         74        399         15
dcp          363         89        416         15
dcp          393         92        443         10
dcp          425        106        462         15
dcp          484         86        482         10
dcp          530         43        497         10
dcp          551         15        516         10
dcp          566         15        552          5
dcp          579         -3        547          8
dcp          609          2        590          8
dcp          636        -16        621         10
dcp          647        -30        652          5
dcp          659        -45        686         10
dcp          686        -59        740         10
dcp          693        -80        757          5
dcp          749        -76        781         10
dcp          795        -95        805         10
dcp          875       -107        824          2
dcp          926       -120        804          5
dcp          978       -129        792          5
dcp         1046       -136        792          8
dcp         1087       -148        779         10
dcp         1156       -159        785         10
dcp         1185       -158        794          8
dcp         1223       -162        801          5
dcp         1260       -187        795          5
dcp         1282       -210        792          8
mae         1295       -222        794         10
dcp          308         57        354         10
dcp          342         48        339          5
dcp          379         32        330         10
dcp          419         24        313         10
dcp          456          9        297          5
dcp          476          6        287          5
dcp          510        -19        274         10
dcp          562        -29        252         10
dcp          589        -44        233          5
dcp          627        -67        221         10
dcp          698        -93        184         15
dcp          722        -98        164         10
dcp          768       -101        156          5
dcp          795       -108        153          8
dcp          809       -102        144         10
dcp          843       -131        126          5
dcp          871       -142        102         10
dcp          915       -152         90         10
dcp          965       -160         61         10
dcp         1023       -164         24          5
dcp         1082       -194        -24          8
dcp         1116       -214        -53          5
dcp         1129       -240        -75          5
dcp         1139       -273        -91         10
dcp         1134       -292        -99          5
dcp         1113       -291       -128          5
dcp         1154       -305       -143         10
dcp         1163       -316       -153          5
dcp         1200       -355       -165          5
dcp         1221       -371       -167          5
dcp         1224       -389       -160         10
dcp         1220       -413       -164          5
dcp         1213       -439       -158          5
mae         1219       -474       -146          5
dcp          122         98        289         10
dcp          132        115        295         10
dcp          155        134        302          5
dcp          167        156        306          5
dcp          170        180        316         10
dcp          189        191        313          2
dcp          200        213        320         10
dcp          201        238        327         10
dcp          212        276        334         10
dcp          230        295        346          5
dcp          235        332        365         15
dcp          245        361        368          2
dcp          240        401        384         10
dcp          251        422        399         10
dcp          262        443        413         10
dcp          276        469        418          5
dcp          294        496        449          5
dcp          306        521        449          8
dcp          330        554        481          5
dcp          334        578        485         10
dcp          342        588        505         10
dcp          354        632        533         10
dcp          350        646        550         15
dcp          367        663        575         10
dcp          364        679        582          5
dcp          370        712        608          5
dcp          376        726        634          5
dcp          376        763        650          5
dcp          361        806        682          5
dcp          370        838        721          5
dcp          362        865        761          5
dcp          346        895        776          5
dcp          318        925        823          5
dcp          317        960        864          5
mae          333        990        910          5
mto          -25         80         41         20
dcp          -23         96         49         15
dcp          -28        115         67         10
dcp          -29        139         84         15
dcp          -30        165         88         10
dcp          -26        179         88         20
dcp          -25        213        107         15
dcp          -30        244        114         10
dcp          -18        270        127         10
dcp          -18        289        135         10
bp           -19        295        136         25
dcp          -21        306        136         15
dcp          -12        328        145         10
dcp          -13        355        147         15
bp           -12        369        149         10
dcp           -5        375        140         10
dcp           -4        397        131         10
dcp          -12        417        119         15
dcp            6        445        110         15
dcp           17        466         98         15
dcp           27        485         79         15
dcp           51        496         54         15
dcp           68        502         26         10
dcp          115        522        -25          8
dcp          169        541        -62         10
dcp          198        563        -82          8
dcp          214        576        -92          5
dcp          252        580       -110          5
dcp          301        609       -141          5
dcp          314        619       -156          5
dcp          347        656       -179         10
dcp          373        676       -195          5
dcp          398        712       -215          5
dcp          426        729       -247          5
dcp          477        734       -350         10
dcp          497        752       -402         10
dcp          510        762       -420          5
dcp          546        779       -451          5
dcp          587        806       -473         10
dcp          613        828       -501          5
dcp          637        851       -503          5
dcp          656        880       -505          5
dcp          678        914       -508          5
dcp          690        939       -519          5
mae          690        969       -511          5
dcp          -11        391        201          2
dcp           -8        401        201         20
dcp           -4        437        230         20
dcp           10        461        250         15
dcp           20        480        276          5
dcp           21        502        295          5
dcp           40        523        328         15
dcp           48        544        344          5
dcp           60        561        363         10
dcp           76        582        380         10
dcp           87        603        397          2
dcp          116        633        421          2
dcp          135        646        437         15
bp           146        657        444         18
dcp          153        654        449         15
dcp          181        663        447         10
dcp          231        678        464         10
dcp          256        683        471          8
dcp          282        682        480         10
dcp          310        700        489         10
dcp          336        711        503          5
dcp          358        724        513         10
dcp          395        730        542         10
dcp          445        742        576         15
dcp          458        750        599         10
dcp          488        758        629         10
dcp          503        774        630          5
dcp          525        790        669          5
dcp          562        800        706         10
dcp          583        812        737          5
dcp          584        834        761         10
dcp          602        852        808          5
dcp          627        851        849          5
dcp          630        844        899          5
mae          635        841        906          5
dcp          144        662        450         10
dcp          144        708        483          5
dcp          149        766        536         15
dcp          148        791        546         15
dcp          143        810        559         20
dcp          138        831        567         10
dcp          148        849        571         10
dcp          149        884        577         15
dcp          147        914        587          5
dcp          146        949        603         15
dcp          130       1016        634          5
dcp          115       1063        669          5
dcp          109       1101        698          5
dcp          113       1135        737          5
mae           91       1186        778          5
dcp          -46        300        136          5
dcp          -54        328        148         10
dcp          -70        385        162         10
dcp          -92        417        179         10
dcp         -131        456        222          5
dcp         -136        484        224          2
dcp         -154        505        234          8
dcp         -190        517        263         10
dcp         -225        559        289         10
dcp         -237        590        311         10
dcp         -281        622        342         15
dcp         -311        652        366         10
dcp         -348        680        395          5
dcp         -392        709        400         10
dcp         -419        742        407         10
dcp         -456        778        432         10
dcp         -468        810        450          2
dcp         -501        825        474         10
dcp         -561        851        518          5
dcp         -595        857        553         10
dcp         -605        869        575         10
dcp         -668        916        624          5
dcp         -696        946        645          5
dcp         -753        975        696         10
dcp         -761       1013        704          5
dcp         -756       1050        711          5
dcp         -780       1068        690          5
dcp         -810       1072        697          5
dcp         -830       1075        697          5
mae         -846       1091        704          5
mto            5         84         18          2
scp           22         69         16          2
scp           52         46         13          2
scp           67         27          8          2
scp           77          4          5          2
scp           87        -14          2          2
scp           88        -30          0          2
scp           77        -52         -7          2
scp           49        -60         -7          2
scp           31        -70        -10          2
scp            9        -74        -14          2
scp          -24        -81        -14          2
scp          -45        -65        -13          2
scp          -54        -58        -12          2
scp          -64        -40         -9          2
scp          -79        -15         -6          2
scp          -75         -1         -6          2
scp          -66         12         -3          2
scp          -55         35          1          2
scp          -46         47          6          2
scp          -35         70          8          2
scp          -23         77         10          2
mae            0         86         13          2
