./cells/86_38_cat/j3886d_sdt/j3886d_sdt.txt
mto  -7.833 -0.466 -2.159 3.750
dcp  -10.389 -1.311 -2.419 1.750
dcp  -14.098 -2.596 -4.331 2.000
dcp  -17.158 -4.356 -6.039 1.000
dcp  -21.411 -4.775 -7.574 0.750
dcp  -23.808 -5.993 -8.906 1.500
dcp  -26.335 -5.765 -10.760 2.000
dcp  -30.327 -7.140 -13.207 2.500
dcp  -33.897 -7.908 -15.278 1.500
bp   -33.931 -8.034 -14.539 1.500
dcp  -36.627 -8.436 -17.015 1.750
dcp  -36.345 -8.347 -20.795 0.750
dcp  -37.631 -8.318 -23.387 1.000
dcp  -38.812 -7.897 -25.400 1.000
dcp  -40.538 -6.611 -31.353 1.000
dcp  -43.314 -6.347 -34.481 0.750
dcp  -43.865 -6.470 -37.319 1.000
dcp  -44.835 -8.159 -42.475 1.000
dcp  -45.407 -9.326 -46.761 0.500
dcp  -46.686 -11.203 -50.439 0.750
dcp  -47.977 -13.122 -53.871 0.750
dcp  -49.269 -14.081 -59.678 1.000
dcp  -51.389 -16.197 -63.690 1.000
dcp  -52.917 -18.037 -68.642 0.750
bp   -54.029 -18.324 -69.757 1.750
dcp  -53.876 -17.751 -71.683 0.750
dcp  -55.448 -17.825 -77.607 1.000
dcp  -56.434 -19.570 -80.995 0.500
dcp  -58.666 -20.172 -84.500 1.000
dcp  -59.160 -20.085 -88.569 0.500
dcp  -60.544 -20.420 -90.466 1.000
dcp  -60.780 -21.301 -93.927 0.500
dcp  -59.204 -23.148 -96.201 1.000
dcp  -59.983 -24.124 -96.910 0.500
dcp  -58.765 -24.406 -97.156 0.500
dcp  -60.804 -25.254 -98.155 0.500
dcp  -59.293 -26.378 -98.532 0.500
dcp  -61.656 -27.470 -100.603 0.500
dcp  -60.174 -27.732 -101.341 0.500
dcp  -58.465 -30.049 -102.673 0.500
dcp  -55.990 -28.538 -103.065 0.500
dcp  -54.290 -27.990 -105.686 0.500
dcp  -53.345 -29.293 -107.134 0.500
ne   -50.132 -28.894 -109.712 0.500
dcp  -55.016 -19.109 -71.205 1.000
dcp  -56.677 -20.479 -72.784 0.500
dcp  -57.638 -23.100 -74.289 0.500
dcp  -59.137 -26.762 -76.505 0.500
dcp  -62.121 -31.135 -78.401 0.500
dcp  -63.437 -33.151 -79.820 0.500
dcp  -63.182 -37.028 -81.992 1.000
dcp  -64.306 -39.291 -85.221 0.500
dcp  -64.898 -41.502 -86.640 0.500
dcp  -64.778 -43.948 -87.813 0.500
dcp  -66.566 -45.793 -89.478 0.500
dcp  -67.175 -47.100 -91.505 0.500
dcp  -68.724 -49.983 -93.590 0.500
dcp  -68.994 -50.991 -96.312 1.000
dcp  -69.978 -53.696 -97.326 0.500
dcp  -70.680 -55.352 -100.179 0.500
ne   -71.664 -58.057 -101.192 0.500
dcp  -35.281 -8.242 -17.175 1.500
dcp  -38.153 -9.302 -17.232 1.000
dcp  -40.417 -10.989 -17.623 1.500
dcp  -41.896 -10.713 -18.405 1.000
bp   -44.377 -11.278 -18.868 2.000
dcp  -44.010 -11.841 -19.201 1.500
dcp  -45.768 -13.574 -20.084 1.500
dcp  -48.301 -14.334 -20.837 1.500
bp   -48.614 -14.535 -22.155 2.000
dcp  -49.339 -14.341 -22.155 0.500
dcp  -52.008 -14.646 -22.329 0.500
dcp  -52.943 -15.235 -23.487 1.000
dcp  -56.064 -16.258 -24.819 0.500
dcp  -58.633 -18.118 -25.254 0.500
dcp  -61.837 -19.449 -27.657 1.000
dcp  -63.722 -21.658 -28.627 0.500
dcp  -66.477 -23.244 -30.292 0.750
dcp  -68.115 -24.530 -32.363 0.500
dcp  -70.001 -26.738 -33.333 0.500
dcp  -71.790 -28.583 -34.998 0.500
dcp  -73.271 -29.281 -36.200 0.500
dcp  -75.077 -29.262 -36.533 0.500
dcp  -76.087 -30.131 -37.489 0.500
dcp  -78.616 -30.878 -39.762 0.500
dcp  -80.775 -32.173 -39.574 0.500
dcp  -82.071 -33.145 -39.545 0.500
dcp  -84.625 -34.950 -41.745 0.500
dcp  -86.600 -35.561 -42.701 1.000
dcp  -90.326 -35.942 -45.221 0.500
dcp  -94.564 -34.372 -46.162 0.500
dcp  -96.674 -33.552 -46.119 1.000
dcp  -99.607 -31.941 -47.755 0.500
dcp  -102.198 -31.952 -49.652 1.000
dcp  -104.372 -33.304 -52.013 0.500
dcp  -106.905 -34.065 -52.766 0.500
dcp  -110.861 -34.339 -55.532 0.250
dcp  -110.921 -34.563 -57.096 1.000
dcp  -114.936 -33.128 -59.065 0.500
dcp  -117.211 -32.924 -61.165 1.000
dcp  -119.418 -32.468 -64.742 1.000
dcp  -120.534 -34.702 -66.697 0.500
dcp  -123.448 -37.850 -69.651 0.500
dcp  -125.540 -38.894 -70.939 0.500
dcp  -127.729 -40.303 -75.849 0.500
dcp  -127.802 -41.542 -77.586 0.500
dcp  -129.542 -41.272 -79.396 1.000
dcp  -131.105 -42.277 -81.670 1.000
ne   -133.049 -38.908 -81.439 0.500
dcp  -47.671 -14.878 -21.663 1.000
dcp  -48.409 -15.700 -21.836 1.000
dcp  -49.057 -18.120 -22.024 1.000
dcp  -51.262 -21.518 -23.211 0.500
dcp  -52.903 -25.711 -23.747 0.500
dcp  -55.763 -29.622 -24.036 1.000
dcp  -60.272 -32.927 -23.789 0.500
dcp  -66.189 -37.623 -21.051 0.500
dcp  -68.799 -41.571 -20.065 1.000
dcp  -72.945 -45.453 -18.631 1.000
dcp  -77.648 -50.445 -18.934 1.500
dcp  -81.295 -57.294 -19.252 1.000
dcp  -85.076 -62.713 -18.570 1.000
dcp  -88.122 -70.218 -16.180 0.500
dcp  -91.879 -76.512 -13.615 0.500
dcp  -95.441 -82.079 -12.441 1.500
dcp  -100.687 -87.165 -9.993 0.500
dcp  -103.827 -90.192 -10.398 0.500
dcp  -105.240 -93.532 -13.062 0.500
dcp  -107.708 -96.949 -13.757 0.500
dcp  -112.035 -100.543 -15.074 1.500
dcp  -116.913 -104.258 -14.914 0.500
dcp  -119.507 -107.177 -15.276 1.000
dcp  -123.478 -109.441 -14.319 0.500
dcp  -128.573 -112.034 -14.232 0.500
ne   -129.871 -113.980 -14.623 0.500
dcp  -44.577 -11.059 -18.333 1.000
dcp  -49.002 -10.188 -16.609 1.000
dcp  -52.184 -8.540 -15.204 1.000
dcp  -57.938 -6.833 -14.669 1.500
dcp  -61.319 -3.993 -12.308 1.000
bp   -67.148 -2.566 -11.570 1.000
dcp  -67.704 -1.742 -10.947 0.750
dcp  -70.286 0.209 -9.209 0.750
dcp  -70.550 0.190 -8.717 0.500
dcp  -74.234 1.897 -8.341 1.000
dcp  -78.114 5.770 -6.589 0.500
dcp  -83.104 8.397 -7.892 1.000
dcp  -85.696 11.281 -5.488 1.000
dcp  -90.202 12.818 -4.417 0.500
dcp  -93.496 15.980 -2.505 0.500
dcp  -98.538 18.411 0.217 0.500
dcp  -101.805 18.776 0.130 1.000
dcp  -104.345 19.922 0.463 0.500
dcp  -107.983 23.730 2.215 0.500
dcp  -111.133 28.398 2.866 0.500
dcp  -114.935 33.525 4.835 1.000
dcp  -119.575 38.426 4.951 0.500
dcp  -123.056 40.888 5.211 0.500
dcp  -124.078 42.871 4.487 0.500
ne   -126.584 44.143 4.081 1.000
dcp  -67.067 -3.232 -10.918 0.500
dcp  -68.588 -5.044 -10.280 1.000
dcp  -70.702 -6.172 -11.077 0.500
dcp  -76.206 -5.462 -11.207 1.000
dcp  -81.755 -4.919 -10.352 0.500
dcp  -85.989 -3.335 -8.499 1.000
dcp  -91.293 -4.777 -7.209 1.000
dcp  -95.825 -5.271 -6.485 1.000
dcp  -101.408 -4.855 -4.892 0.500
dcp  -106.410 -4.204 -3.994 1.500
dcp  -112.338 -4.115 -2.980 1.000
dcp  -118.292 -5.083 -1.893 0.750
dcp  -123.371 -5.686 -1.213 1.000
dcp  -129.957 -7.085 0.280 1.500
dcp  -136.319 -7.644 1.163 0.500
dcp  -143.267 -9.426 -0.473 0.500
dcp  -149.269 -8.642 1.164 0.500
dcp  -154.722 -8.710 0.903 1.000
dcp  -162.211 -9.612 2.439 1.000
dcp  -163.935 -9.285 3.177 1.000
dcp  -169.363 -8.295 2.844 0.500
dcp  -172.893 -8.909 1.310 0.500
dcp  -177.225 -9.622 1.498 1.000
dcp  -181.817 -10.341 0.658 0.500
ne   -185.522 -9.678 -0.413 1.000
mto  7.664 -0.586 -1.218 3.500
dcp  9.788 -1.350 -3.028 2.500
dcp  11.962 -1.932 -3.028 2.500
dcp  14.427 -3.358 -3.158 2.000
dcp  17.147 -3.832 -3.115 1.500
dcp  19.271 -4.596 -4.925 1.500
bp   21.215 -5.072 -5.171 1.500
dcp  22.750 -5.138 -5.620 2.250
dcp  24.187 -5.568 -5.374 1.000
dcp  25.659 -5.873 -5.867 1.000
dcp  26.722 -5.768 -6.562 1.750
dcp  29.931 -5.384 -7.619 1.500
dcp  31.741 -5.389 -8.807 1.000
dcp  33.329 -5.260 -8.966 2.000
bp   34.637 -5.206 -11.182 2.000
dcp  34.598 -4.386 -11.298 1.500
dcp  36.062 -2.785 -15.020 1.000
dcp  36.360 -2.640 -16.251 1.000
dcp  40.007 -2.553 -20.639 1.500
dcp  43.055 -7.598 -23.390 1.500
dcp  44.051 -7.745 -26.924 0.500
dcp  46.165 -9.513 -34.744 0.500
dcp  49.496 -9.641 -38.930 1.000
dcp  52.300 -10.768 -44.071 1.000
dcp  55.876 -11.907 -51.717 0.500
dcp  59.431 -13.130 -54.556 0.500
dcp  64.916 -13.911 -59.769 1.000
dcp  69.663 -15.513 -65.157 0.500
dcp  71.735 -16.475 -75.888 0.500
dcp  74.414 -15.170 -82.651 1.000
dcp  75.191 -15.168 -86.677 0.500
dcp  74.962 -16.022 -88.864 0.500
dcp  76.667 -16.419 -90.631 1.000
dcp  78.621 -16.853 -91.123 1.000
dcp  79.027 -18.236 -91.340 0.500
dcp  81.337 -19.275 -91.920 0.500
dcp  81.863 -20.211 -93.324 0.500
dcp  84.794 -20.861 -94.063 1.000
dcp  86.910 -20.694 -95.207 1.500
dcp  89.667 -21.028 -97.423 1.500
dcp  92.797 -22.871 -99.117 0.500
dcp  97.302 -24.409 -100.189 0.500
dcp  100.956 -26.227 -101.347 0.500
dcp  104.063 -28.155 -102.549 0.500
dcp  106.876 -30.213 -104.041 0.500
ne   108.694 -30.190 -103.954 0.500
dcp  34.697 -4.982 -9.618 1.000
dcp  35.686 -5.157 -10.110 1.000
dcp  38.164 -5.566 -10.067 1.500
dcp  40.982 -5.676 -10.719 0.750
dcp  44.806 -5.892 -10.835 1.000
dcp  47.870 -4.119 -10.647 1.000
dcp  51.696 -3.360 -10.343 1.500
dcp  53.542 -4.199 -9.894 1.000
bp   55.573 -3.379 -10.169 1.500
dcp  56.328 -3.461 -9.387 1.000
dcp  58.237 -4.063 -8.895 1.000
dcp  61.068 -5.091 -7.418 1.000
dcp  65.926 -5.313 -4.695 0.500
dcp  70.131 -5.075 -4.970 0.750
dcp  72.792 -6.732 -4.116 1.000
dcp  76.078 -7.028 -3.001 0.500
dcp  79.110 -7.301 -1.640 1.000
dcp  82.905 -9.562 -0.582 1.500
dcp  85.488 -9.579 0.040 1.500
dcp  87.714 -9.965 0.330 1.000
dcp  90.016 -11.032 2.792 1.000
bp   92.265 -11.334 2.589 1.500
dcp  93.369 -11.076 2.430 0.750
dcp  95.183 -11.067 4.037 1.000
dcp  98.083 -10.869 4.457 1.000
dcp  99.496 -12.357 4.776 1.000
dcp  102.584 -11.460 6.847 0.500
dcp  104.446 -13.203 7.904 1.000
dcp  106.628 -14.718 7.238 1.000
dcp  108.055 -15.190 7.730 1.000
dcp  110.935 -16.996 9.077 0.750
dcp  114.243 -17.208 9.700 1.000
dcp  117.564 -20.271 10.091 1.000
dcp  118.585 -24.188 12.771 1.000
dcp  118.374 -26.905 13.568 1.000
dcp  119.838 -29.171 18.072 1.000
dcp  122.675 -32.105 18.463 1.000
dcp  125.820 -33.892 19.318 0.500
dcp  127.569 -36.055 18.522 0.500
dcp  129.763 -39.461 19.565 0.500
dcp  131.276 -42.505 19.623 1.000
dcp  133.396 -47.152 18.928 0.500
dcp  136.229 -52.034 18.480 0.500
dcp  138.927 -55.486 19.031 0.500
ne   141.760 -60.368 18.582 0.500
ne   92.098 -10.990 2.386 0.250
dcp  57.639 -2.433 -11.183 1.500
dcp  58.260 -2.045 -11.343 2.250
bp   59.406 -1.632 -10.966 2.500
dcp  61.346 -0.188 -11.647 1.000
dcp  64.261 1.999 -10.634 0.500
dcp  67.819 3.685 -10.692 0.500
dcp  71.189 4.671 -12.401 0.500
dcp  73.780 6.615 -12.459 0.500
dcp  78.098 9.206 -12.836 0.500
dcp  81.345 11.665 -13.793 0.500
dcp  84.661 13.415 -13.851 1.000
dcp  88.221 16.074 -13.489 1.000
dcp  90.168 17.547 -12.896 0.500
dcp  92.749 19.449 -12.708 0.500
dcp  94.823 21.397 -12.028 0.500
dcp  97.538 21.869 -12.839 0.500
dcp  100.416 21.983 -11.927 1.000
dcp  103.707 22.675 -11.912 1.000
dcp  107.916 24.861 -11.348 0.500
dcp  112.827 24.835 -8.336 1.000
dcp  115.212 26.010 -6.758 0.500
dcp  118.953 26.447 -6.005 0.500
dcp  121.982 28.094 -5.078 0.500
dcp  126.260 29.572 -3.616 0.500
dcp  129.470 31.891 -2.313 1.000
dcp  132.569 32.830 -0.488 0.500
dcp  136.325 35.257 0.858 0.500
dcp  141.163 37.859 2.537 0.500
dcp  144.496 38.705 3.087 0.750
dcp  149.957 38.802 4.622 1.000
dcp  153.561 39.695 5.954 0.500
dcp  156.575 39.352 6.287 0.500
dcp  158.922 38.454 7.765 0.500
ne   159.345 36.167 8.156 0.500
dcp  60.769 -2.342 -10.517 1.000
dcp  62.929 -3.941 -10.691 1.000
dcp  66.837 -4.808 -11.676 1.000
dcp  71.461 -4.938 -11.994 1.500
dcp  75.056 -5.046 -12.357 0.500
dcp  78.999 -3.854 -11.720 1.000
dcp  82.607 -2.946 -11.908 0.750
dcp  87.719 -2.218 -13.328 1.000
dcp  91.988 -1.742 -13.560 1.000
dcp  96.903 0.179 -14.023 0.500
dcp  101.345 0.339 -12.778 1.000
dcp  104.307 -0.200 -12.735 0.500
dcp  110.479 0.620 -13.329 0.500
dcp  115.233 1.940 -13.141 1.000
dcp  121.357 4.512 -13.185 0.500
dcp  124.382 4.211 -13.098 0.500
dcp  126.661 4.020 -12.519 1.500
dcp  130.287 4.998 -11.679 0.500
dcp  132.600 6.867 -9.478 0.500
dcp  136.784 7.995 -8.841 0.500
dcp  140.655 9.882 -7.582 1.000
dcp  143.769 12.811 -5.164 0.500
dcp  145.117 13.979 -4.903 0.500
dcp  149.696 13.682 -4.237 0.500
dcp  152.407 14.140 -3.528 0.750
dcp  154.963 14.985 -3.267 0.500
dcp  159.621 16.915 -1.964 1.000
dcp  163.190 18.643 -2.269 1.000
dcp  167.959 21.953 -1.487 0.500
dcp  173.194 22.169 -1.719 0.500
ne   175.652 22.650 -5.079 1.000
dcp  21.598 -6.539 -4.896 2.750
dcp  22.305 -7.763 -3.549 1.500
dcp  23.472 -11.134 -4.070 1.500
dcp  24.831 -13.792 -4.461 1.500
dcp  25.401 -16.494 -4.895 1.000
dcp  26.340 -18.784 -5.242 1.500
dcp  26.441 -20.341 -5.503 1.500
bp   27.649 -23.558 -5.488 2.500
dcp  27.963 -24.317 -6.110 0.250
dcp  26.358 -27.410 -6.964 0.500
dcp  26.404 -30.137 -7.934 1.000
dcp  26.723 -33.776 -10.063 0.500
dcp  26.603 -36.157 -11.235 0.500
dcp  26.104 -38.018 -11.829 0.500
dcp  26.026 -41.206 -14.406 1.000
dcp  25.510 -46.031 -16.013 0.500
dcp  24.978 -48.017 -15.868 0.500
dcp  25.302 -52.602 -17.142 1.500
dcp  23.530 -57.285 -20.559 1.500
dcp  23.127 -62.650 -22.253 0.500
dcp  21.020 -65.684 -24.135 1.000
dcp  19.347 -69.030 -27.827 0.500
dcp  17.867 -72.621 -29.014 0.500
dcp  17.197 -73.192 -30.665 0.500
dcp  17.585 -82.367 -34.241 1.000
dcp  18.246 -84.733 -36.645 0.500
dcp  18.947 -86.945 -38.513 0.500
dcp  18.619 -89.137 -40.424 0.500
dcp  18.545 -90.377 -42.162 0.500
dcp  18.149 -92.819 -42.596 0.500
dcp  18.008 -94.311 -42.856 0.500
dcp  16.403 -97.404 -43.710 0.500
dcp  15.094 -99.392 -43.855 0.500
dcp  13.225 -102.505 -44.216 0.500
dcp  12.601 -103.867 -44.477 0.500
dcp  11.437 -107.244 -45.867 0.500
dcp  9.946 -110.877 -46.807 0.500
dcp  9.206 -112.673 -47.401 0.500
dcp  6.824 -115.768 -48.544 0.500
dcp  4.334 -120.229 -50.687 0.500
dcp  3.342 -122.002 -51.034 0.500
dcp  1.686 -124.318 -51.758 0.500
dcp  -0.136 -126.288 -52.685 0.500
dcp  -2.567 -129.566 -55.639 0.500
dcp  -5.893 -132.318 -57.275 0.500
dcp  -10.198 -135.827 -59.084 0.500
dcp  -11.035 -137.987 -58.982 1.000
dcp  -13.579 -141.683 -59.474 0.250
dcp  -14.944 -143.881 -58.388 1.000
dcp  -16.297 -146.997 -59.488 1.000
dcp  -19.183 -151.007 -57.764 0.500
dcp  -20.629 -154.473 -59.690 0.500
dcp  -23.148 -157.111 -60.254 0.500
dcp  -24.140 -158.884 -60.601 1.000
ne   -25.025 -160.252 -61.890 0.500
dcp  29.139 -23.792 -4.952 1.000
dcp  30.270 -25.370 -5.169 1.500
dcp  32.343 -27.290 -4.894 1.500
bp   33.854 -28.414 -5.270 0.750
dcp  34.007 -29.775 -5.241 0.500
dcp  35.248 -31.906 -4.024 1.000
dcp  37.266 -36.929 -2.503 0.500
dcp  38.192 -38.302 -0.664 1.500
dcp  39.942 -42.399 0.495 0.500
dcp  41.864 -43.918 3.117 1.000
dcp  43.820 -45.311 5.000 0.500
dcp  43.750 -46.537 6.057 1.000
dcp  44.843 -48.254 8.099 1.500
dcp  47.519 -51.790 9.142 1.000
dcp  50.147 -55.507 12.691 0.500
dcp  51.958 -58.405 15.834 1.000
dcp  54.598 -60.147 17.181 0.500
dcp  56.814 -61.535 20.092 1.000
dcp  59.725 -63.229 22.221 1.000
dcp  61.587 -64.972 23.278 1.000
dcp  63.303 -65.327 25.581 0.500
dcp  65.521 -67.675 26.551 1.000
dcp  67.822 -69.716 28.593 0.500
dcp  69.487 -73.160 30.621 0.500
dcp  70.381 -75.619 31.259 0.500
dcp  71.280 -79.023 32.751 0.500
dcp  72.296 -81.994 34.576 0.500
dcp  74.669 -86.662 37.951 1.000
dcp  77.875 -89.185 38.429 0.500
dcp  81.232 -94.042 42.832 1.000
dcp  83.929 -96.534 45.323 0.500
dcp  86.078 -100.108 47.351 0.500
dcp  87.435 -104.699 48.916 0.500
dcp  90.824 -110.405 52.160 1.500
dcp  92.645 -114.236 54.637 0.750
dcp  94.750 -117.003 58.070 1.000
dcp  96.391 -119.571 62.531 1.000
dcp  100.033 -123.366 63.574 0.500
dcp  102.850 -125.410 64.877 0.500
ne   106.148 -130.491 67.716 0.500
dcp  34.039 -28.688 -4.039 0.500
dcp  38.007 -31.266 -5.820 1.000
dcp  39.770 -32.413 -6.443 0.500
dcp  42.385 -33.279 -6.979 0.500
dcp  43.311 -36.586 -7.500 1.000
dcp  44.496 -36.993 -7.007 1.000
dcp  46.745 -40.190 -7.195 0.500
dcp  47.628 -42.690 -6.311 0.500
dcp  50.465 -45.624 -5.920 0.500
dcp  52.258 -48.593 -3.805 0.500
dcp  52.905 -51.975 -2.067 0.750
dcp  53.002 -53.545 -0.807 0.500
dcp  52.814 -56.178 -0.503 0.500
dcp  52.869 -59.836 2.177 0.500
dcp  53.108 -62.808 3.713 0.500
dcp  55.456 -66.601 5.205 0.500
dcp  56.622 -69.012 6.624 1.000
dcp  58.829 -71.402 7.841 1.000
dcp  61.277 -73.857 9.058 1.000
dcp  63.920 -75.585 8.884 1.000
dcp  67.053 -77.414 9.985 0.500
dcp  69.160 -76.314 13.822 0.500
dcp  73.073 -80.061 15.648 0.500
dcp  75.510 -82.557 17.110 0.500
dcp  78.922 -86.245 17.907 0.750
dcp  83.234 -89.470 16.286 0.500
dcp  85.644 -92.065 15.446 0.500
dcp  87.796 -97.559 13.593 0.500
dcp  91.179 -102.320 11.667 0.500
dcp  91.056 -105.675 10.075 0.250
dcp  95.108 -110.839 9.380 0.500
dcp  96.186 -112.612 8.873 0.500
dcp  99.155 -117.951 7.846 1.000
dcp  102.951 -121.172 6.963 0.500
dcp  106.782 -123.293 5.761 0.500
ne   110.373 -121.482 4.964 0.500
mto  -3.868 -5.952 -2.404 5.000
dcp  -3.905 -6.092 -4.461 4.000
dcp  -5.236 -9.124 -6.053 3.000
dcp  -6.485 -10.889 -8.950 0.500
dcp  -6.658 -13.467 -10.412 2.500
bp   -8.061 -15.805 -11.382 3.000
dcp  -6.891 -16.268 -13.438 2.750
dcp  -6.431 -18.416 -15.306 2.500
bp   -5.627 -19.277 -18.970 3.250
dcp  -5.704 -20.530 -19.187 3.250
dcp  -4.983 -20.739 -21.982 2.000
dcp  -4.095 -24.186 -24.560 1.500
dcp  -3.910 -26.395 -30.005 1.500
bp   -3.494 -24.842 -30.483 1.000
dcp  -4.101 -25.175 -32.090 1.500
dcp  -4.082 -25.105 -35.378 0.750
dcp  -4.982 -26.529 -39.215 1.000
dcp  -5.381 -27.053 -44.400 1.000
dcp  -4.134 -28.197 -48.599 0.500
dcp  -3.535 -27.893 -52.582 0.500
dcp  -3.987 -28.612 -58.056 1.000
dcp  -5.762 -29.442 -63.863 0.500
dcp  -7.222 -29.096 -67.933 1.500
dcp  -7.703 -27.993 -71.829 0.500
dcp  -8.786 -28.169 -76.477 0.500
dcp  -9.943 -28.624 -80.923 1.000
dcp  -11.471 -28.530 -83.515 1.000
dcp  -14.710 -29.027 -87.556 0.500
dcp  -16.848 -29.279 -90.235 1.000
dcp  -16.426 -26.739 -91.814 0.500
dcp  -18.043 -26.980 -92.436 0.500
dcp  -18.155 -25.466 -91.930 0.500
dcp  -19.973 -25.488 -92.016 0.500
dcp  -23.575 -25.408 -92.929 0.500
dcp  -24.252 -24.072 -93.494 0.500
dcp  -25.061 -25.160 -94.985 0.500
dcp  -27.306 -24.844 -96.303 0.500
dcp  -28.603 -22.922 -96.289 1.000
dcp  -30.389 -23.793 -97.534 0.500
dcp  -33.032 -22.065 -97.360 0.500
dcp  -34.219 -22.632 -98.273 1.000
dcp  -37.423 -23.963 -100.676 1.000
dcp  -39.906 -25.501 -101.559 0.500
dcp  -41.523 -25.743 -102.182 0.500
dcp  -40.661 -29.287 -102.746 0.500
dcp  -43.806 -27.500 -103.601 1.000
dcp  -44.957 -26.967 -104.832 0.500
dcp  -44.950 -28.873 -105.918 0.500
dcp  -44.730 -29.982 -107.366 0.500
ne   -44.826 -31.306 -108.611 0.500
dcp  -3.257 -24.921 -28.962 1.500
bp   -2.540 -27.077 -32.597 1.000
dcp  -1.296 -27.261 -34.856 0.500
dcp  -0.025 -27.348 -39.128 1.000
dcp  2.184 -26.831 -43.763 1.000
dcp  3.888 -26.268 -47.905 1.000
dcp  7.002 -25.274 -52.163 0.500
dcp  9.810 -24.453 -56.464 1.000
dcp  14.716 -19.667 -66.849 0.500
dcp  18.956 -18.330 -76.074 0.500
dcp  20.300 -17.177 -82.924 0.500
dcp  21.699 -16.788 -87.110 1.000
dcp  21.000 -16.496 -89.123 1.000
dcp  23.868 -17.385 -89.905 0.500
dcp  26.251 -19.118 -91.107 0.500
dcp  30.884 -20.179 -92.091 0.500
dcp  34.160 -21.477 -92.671 0.500
dcp  37.695 -24.703 -94.582 0.500
dcp  41.948 -26.218 -95.407 0.500
dcp  45.962 -26.694 -95.813 1.500
dcp  48.913 -28.235 -97.464 0.500
dcp  51.568 -29.920 -97.884 1.000
dcp  54.225 -31.592 -99.824 1.000
dcp  53.212 -34.410 -101.620 0.500
dcp  54.149 -37.674 -102.387 0.500
ne   55.707 -40.551 -103.313 0.500
dcp  -2.844 -28.211 -34.581 1.000
dcp  -1.582 -32.192 -36.217 1.500
dcp  -1.910 -34.384 -38.128 1.500
bp   -1.503 -36.727 -40.286 1.500
dcp  -1.965 -37.488 -41.198 1.500
dcp  -1.512 -37.729 -41.980 1.000
dcp  -1.830 -41.812 -42.182 0.500
dcp  -1.794 -45.541 -44.846 0.500
dcp  -1.154 -48.951 -48.698 0.500
dcp  -1.507 -52.200 -50.537 0.500
dcp  -1.742 -54.041 -51.623 0.500
dcp  -2.082 -56.275 -53.288 0.500
dcp  -2.124 -60.297 -54.229 0.500
dcp  -1.621 -63.250 -57.501 0.500
dcp  -0.701 -65.611 -58.877 1.000
dcp  -0.770 -69.731 -62.120 0.500
dcp  -1.319 -72.748 -64.944 0.500
dcp  -0.425 -75.207 -68.622 0.500
dcp  -3.171 -79.660 -73.313 0.500
dcp  -4.398 -81.340 -76.702 0.500
dcp  -4.745 -83.602 -79.641 1.000
dcp  -1.511 -86.987 -83.117 0.500
dcp  -0.445 -90.737 -85.738 0.500
dcp  -0.168 -94.530 -88.402 1.000
dcp  1.361 -97.519 -90.110 0.500
dcp  1.774 -100.808 -91.413 0.500
dcp  2.806 -104.683 -93.296 0.500
dcp  3.475 -107.981 -96.365 1.000
dcp  5.260 -112.913 -97.885 0.500
dcp  8.436 -115.548 -98.189 0.500
dcp  10.955 -117.737 -99.970 1.500
dcp  13.916 -120.210 -102.287 0.500
dcp  13.204 -120.934 -104.474 1.000
dcp  16.405 -122.512 -104.850 0.500
dcp  20.480 -123.724 -105.632 0.500
dcp  23.975 -125.170 -105.719 0.500
dcp  26.286 -127.169 -108.239 0.500
dcp  26.529 -128.194 -110.179 0.500
ne   26.780 -129.191 -110.845 0.500
dcp  -0.729 -36.740 -42.791 1.000
dcp  -0.543 -39.909 -45.861 0.500
dcp  0.006 -41.721 -49.698 0.500
dcp  0.101 -44.265 -53.174 0.500
dcp  0.289 -46.460 -55.824 0.500
dcp  -0.073 -48.777 -56.996 0.500
dcp  -0.747 -51.296 -59.487 0.500
dcp  -0.832 -52.577 -60.978 0.500
bp   -1.623 -55.529 -63.802 1.000
dcp  -1.453 -55.860 -65.120 0.500
dcp  -2.080 -57.237 -68.175 0.500
dcp  -2.626 -58.305 -70.159 0.500
dcp  -2.171 -59.507 -72.882 0.500
dcp  -2.347 -60.165 -74.779 0.500
dcp  -1.948 -62.536 -78.211 0.500
dcp  -1.723 -63.631 -81.179 0.500
dcp  1.878 -65.647 -86.943 0.500
dcp  5.630 -68.062 -90.737 0.500
dcp  6.798 -69.500 -93.214 0.500
dcp  8.052 -70.616 -96.139 1.000
dcp  7.837 -70.453 -98.152 0.500
dcp  11.616 -72.771 -99.643 0.500
dcp  15.680 -74.024 -100.179 0.500
dcp  16.821 -75.560 -100.642 1.000
dcp  20.238 -75.366 -100.961 0.500
dcp  21.705 -77.618 -102.293 0.500
dcp  24.900 -78.250 -103.524 0.500
dcp  27.360 -78.729 -104.509 0.500
dcp  28.872 -80.814 -106.826 0.500
ne   29.155 -85.553 -108.636 0.500
dcp  -1.898 -55.591 -63.063 0.500
dcp  -2.618 -58.277 -64.569 0.500
dcp  -3.904 -63.075 -65.191 0.500
dcp  -4.350 -66.674 -67.855 0.500
dcp  -4.797 -70.273 -70.520 0.500
dcp  -3.288 -75.266 -75.617 0.500
dcp  -3.253 -78.034 -80.656 0.500
dcp  -2.780 -79.166 -82.350 0.500
dcp  -1.108 -79.689 -83.379 1.000
dcp  0.696 -80.682 -83.465 0.500
dcp  4.354 -80.553 -83.784 1.000
dcp  6.357 -82.739 -84.827 0.500
dcp  11.071 -85.427 -87.100 0.500
dcp  14.231 -87.158 -88.012 0.500
dcp  17.443 -88.694 -88.635 1.000
dcp  21.361 -90.493 -90.286 0.500
dcp  23.584 -91.854 -90.416 1.000
dcp  25.726 -93.522 -91.618 0.500
dcp  28.391 -95.166 -92.284 0.500
dcp  31.803 -96.920 -93.442 0.500
ne   32.879 -99.667 -94.369 0.500
dcp  -6.556 -20.812 -19.274 1.500
dcp  -8.981 -23.101 -19.013 1.500
dcp  -9.709 -24.855 -19.853 0.500
dcp  -10.080 -26.240 -20.359 1.500
dcp  -11.399 -29.230 -22.198 0.500
dcp  -11.392 -31.136 -23.284 1.500
dcp  -12.765 -33.362 -23.472 1.000
dcp  -13.313 -37.338 -23.920 1.000
dcp  -14.046 -41.040 -25.600 1.500
dcp  -15.146 -44.179 -26.946 0.250
bp   -16.592 -49.575 -1.022 0.250
dcp  -17.075 -49.446 -1.022 0.250
dcp  -19.535 -47.036 -27.887 1.500
dcp  -23.453 -51.999 -30.942 1.000
dcp  -26.022 -51.926 -33.331 0.500
dcp  -28.531 -53.563 -32.201 0.750
dcp  -30.695 -53.912 -32.867 1.000
dcp  -32.085 -55.234 -33.664 0.500
dcp  -34.349 -54.028 -34.069 1.000
dcp  -37.229 -55.115 -35.401 1.000
dcp  -40.687 -55.463 -35.618 0.500
dcp  -43.101 -57.710 -35.603 0.500
dcp  -46.297 -59.013 -36.733 0.500
dcp  -48.067 -60.788 -37.370 0.500
dcp  -50.424 -62.825 -38.586 0.500
dcp  -51.403 -63.582 -38.759 0.500
dcp  -53.889 -66.095 -40.062 0.500
dcp  -55.797 -68.387 -40.540 0.500
dcp  -59.167 -71.308 -41.191 0.500
dcp  -60.862 -72.803 -42.031 0.750
dcp  -63.748 -74.878 -42.262 0.750
dcp  -67.796 -76.463 -43.478 1.500
dcp  -70.269 -78.933 -45.027 0.500
dcp  -73.329 -80.693 -46.736 1.000
dcp  -77.087 -82.160 -50.458 0.500
dcp  -80.502 -83.314 -52.079 1.000
dcp  -82.075 -83.388 -53.687 1.000
dcp  -86.385 -85.952 -56.351 1.000
dcp  -89.032 -86.172 -57.017 0.500
dcp  -92.386 -88.062 -59.015 0.500
dcp  -96.824 -91.102 -61.766 0.500
dcp  -99.430 -93.102 -64.257 0.500
dcp  -102.984 -94.774 -65.719 0.500
ne   -106.651 -93.971 -64.734 1.000
dcp  -15.162 -46.169 -27.540 1.500
dcp  -17.788 -58.870 -31.853 1.000
dcp  -18.305 -63.694 -33.460 0.500
dcp  -18.182 -65.167 -34.213 1.000
dcp  -18.184 -68.075 -36.993 1.000
dcp  -18.654 -71.758 -39.165 1.000
dcp  -18.892 -75.547 -41.091 0.500
dcp  -19.008 -80.809 -43.769 0.500
dcp  -18.148 -83.394 -46.709 1.000
dcp  -18.186 -85.468 -46.810 0.500
dcp  -17.380 -87.288 -48.098 0.500
dcp  -17.317 -90.918 -48.460 0.500
dcp  -16.833 -93.942 -48.445 0.500
dcp  -14.753 -97.768 -49.256 0.500
dcp  -13.765 -101.811 -50.153 0.500
dcp  -12.568 -105.070 -49.892 1.000
dcp  -10.673 -110.556 -49.978 0.500
dcp  -10.279 -111.981 -49.949 0.500
dcp  -9.720 -114.724 -50.137 0.500
dcp  -9.829 -118.998 -49.601 0.500
dcp  -8.410 -124.326 -48.412 0.500
dcp  -5.143 -129.519 -50.671 0.500
dcp  -3.706 -133.817 -50.830 0.500
dcp  -2.466 -137.883 -51.973 0.500
ne   -2.630 -139.459 -51.741 0.500
dcp  -8.757 -16.473 -11.020 1.750
dcp  -10.156 -16.862 -11.150 1.500
dcp  -11.504 -18.031 -11.410 1.500
dcp  -13.875 -21.084 -12.800 1.500
dcp  -15.379 -21.865 -13.510 0.250
dcp  -18.078 -25.175 -14.450 0.500
dcp  -19.717 -28.395 -14.566 0.250
dcp  -21.366 -29.722 -16.390 0.500
dcp  -23.050 -33.109 -15.521 1.000
dcp  -25.205 -34.391 -16.853 1.000
dcp  -26.758 -37.288 -17.417 2.000
dcp  -29.566 -41.004 -17.417 1.500
dcp  -32.859 -42.670 -17.851 2.000
dcp  -34.309 -46.150 -18.256 2.000
dcp  -36.848 -47.898 -17.908 1.000
dcp  -37.704 -50.128 -18.834 1.750
bp   -38.276 -51.294 -18.805 2.500
dcp  -37.973 -52.095 -19.182 1.000
dcp  -38.469 -52.982 -19.355 0.500
dcp  -37.899 -55.683 -19.789 1.000
dcp  -37.443 -57.845 -20.137 0.250
dcp  -38.563 -60.093 -20.571 1.000
dcp  -38.858 -64.093 -21.265 1.500
dcp  -41.085 -67.574 -21.960 2.000
dcp  -41.724 -70.926 -22.814 1.500
dcp  -44.598 -75.854 -23.277 1.500
dcp  -46.319 -79.381 -24.464 1.000
dcp  -48.020 -83.798 -26.563 1.000
dcp  -48.733 -86.456 -26.794 1.000
dcp  -50.432 -89.899 -28.474 0.750
dcp  -50.960 -91.872 -29.849 1.500
dcp  -52.820 -95.916 -30.877 1.000
dcp  -53.290 -99.599 -33.049 1.000
dcp  -55.159 -102.711 -33.410 1.000
dcp  -57.054 -105.922 -36.074 1.000
dcp  -57.855 -109.876 -36.277 0.500
dcp  -59.724 -112.988 -36.638 1.750
dcp  -61.453 -114.609 -36.739 1.000
dcp  -64.303 -119.453 -37.694 1.000
dcp  -63.747 -123.170 -38.302 1.000
dcp  -65.095 -124.338 -38.563 1.000
dcp  -65.813 -127.984 -37.693 1.500
dcp  -66.092 -129.993 -37.794 2.000
dcp  -66.754 -133.429 -38.156 1.500
dcp  -67.908 -135.804 -37.851 1.500
dcp  -66.855 -138.635 -38.285 1.000
dcp  -66.942 -142.824 -38.241 1.000
dcp  -66.842 -144.381 -38.502 1.000
dcp  -66.867 -147.372 -36.474 1.500
dcp  -67.976 -149.579 -37.154 1.500
dcp  -68.059 -151.821 -36.271 1.500
dcp  -69.456 -155.105 -36.386 0.500
dcp  -69.644 -157.738 -36.081 1.500
dcp  -71.045 -159.102 -36.632 0.750
dcp  -71.022 -161.912 -37.109 1.000
dcp  -72.705 -165.299 -36.240 1.500
dcp  -71.948 -167.301 -35.023 1.000
dcp  -71.378 -170.002 -35.457 0.500
dcp  -72.156 -173.872 -36.152 0.250
dcp  -74.506 -177.815 -34.138 0.500
ne   -76.335 -177.879 -33.979 1.000
dcp  -39.253 -51.077 -18.559 1.750
dcp  -40.296 -52.072 -18.776 1.000
dcp  -43.107 -53.868 -19.210 1.500
dcp  -45.505 -54.125 -18.602 1.500
bp   -45.632 -54.601 -18.689 3.000
dcp  -46.840 -54.277 -18.689 1.500
dcp  -48.891 -54.207 -17.501 1.000
dcp  -52.125 -55.649 -16.371 0.500
dcp  -54.482 -55.752 -15.227 1.000
dcp  -58.016 -55.420 -13.301 1.500
dcp  -62.198 -55.573 -13.518 1.000
dcp  -66.192 -55.988 -14.025 1.000
dcp  -68.362 -57.325 -13.590 1.000
dcp  -71.122 -59.899 -14.154 1.500
dcp  -73.750 -62.943 -13.777 0.500
dcp  -74.856 -64.176 -14.038 0.250
dcp  -75.630 -66.098 -13.892 0.500
dcp  -78.798 -68.263 -14.660 0.500
dcp  -79.939 -69.621 -14.182 1.000
dcp  -83.455 -71.153 -13.587 0.500
dcp  -86.395 -72.464 -12.168 0.250
dcp  -89.320 -75.653 -10.560 1.000
dcp  -93.870 -79.112 -10.849 0.250
dcp  -96.536 -79.402 -8.227 1.000
dcp  -101.069 -81.830 -5.548 1.500
dcp  -103.611 -83.592 -3.679 1.000
dcp  -106.885 -88.082 -3.070 0.500
dcp  -108.716 -89.121 -3.331 1.000
dcp  -110.834 -90.263 -2.606 1.000
dcp  -112.418 -90.378 0.348 1.000
dcp  -113.637 -92.030 2.550 0.500
dcp  -116.132 -92.650 3.853 1.000
dcp  -118.713 -94.553 3.665 1.000
dcp  -120.215 -96.295 1.015 1.000
ne   -122.804 -97.266 -2.822 0.750
dcp  -45.582 -55.379 -18.819 1.000
dcp  -47.973 -57.542 -19.296 1.500
dcp  -50.168 -59.937 -18.789 0.500
dcp  -51.738 -63.864 -18.007 0.500
dcp  -54.529 -68.484 -17.398 0.500
dcp  -55.430 -70.881 -17.339 0.250
dcp  -57.424 -73.495 -17.368 1.500
dcp  -59.797 -75.588 -16.817 2.000
dcp  -60.904 -76.821 -17.078 0.500
dcp  -63.012 -78.895 -17.019 0.500
dcp  -64.343 -83.861 -16.657 1.500
dcp  -66.362 -87.533 -16.613 0.500
dcp  -67.874 -90.276 -16.641 0.250
dcp  -69.213 -92.376 -17.568 1.500
dcp  -69.401 -95.010 -17.263 1.500
dcp  -70.648 -97.734 -17.784 0.500
dcp  -72.482 -99.747 -18.464 1.000
dcp  -72.913 -103.289 -18.580 1.000
dcp  -74.402 -105.949 -19.101 0.500
dcp  -76.122 -108.502 -19.868 0.500
dcp  -77.162 -111.417 -19.650 1.000
dcp  -79.516 -115.374 -20.432 1.500
dcp  -80.636 -117.623 -20.866 0.500
dcp  -81.579 -120.174 -21.343 0.500
dcp  -83.465 -122.383 -22.313 0.500
dcp  -85.198 -123.058 -23.269 0.750
dcp  -85.396 -126.693 -24.659 1.000
dcp  -87.469 -127.667 -24.919 0.500
dcp  -90.332 -129.659 -25.643 1.000
dcp  -93.716 -133.595 -26.468 0.500
dcp  -96.599 -134.696 -26.279 0.750
dcp  -98.288 -137.137 -26.264 0.500
dcp  -99.833 -138.073 -27.510 0.250
dcp  -102.588 -139.659 -29.175 0.500
dcp  -103.225 -142.037 -29.609 1.500
dcp  -104.817 -144.115 -30.289 0.500
dcp  -105.465 -146.535 -30.477 0.500
dcp  -106.125 -148.997 -30.419 0.500
dcp  -106.668 -151.025 -30.028 0.500
ne   -106.241 -154.258 -33.097 1.000
mto  -2.290 4.765 -1.522 1.500
dcp  -2.063 6.578 -1.711 1.500
dcp  -2.066 10.432 -4.101 1.000
dcp  -2.371 12.193 -6.100 0.500
bp   -2.406 14.960 -9.692 2.250
dcp  -2.323 15.267 -12.936 1.000
dcp  -6.202 12.382 10.004 0.250
dcp  -4.422 12.265 8.035 1.000
dcp  -4.816 15.623 6.050 1.000
bp   -4.782 15.749 5.312 1.500
dcp  -4.346 16.412 3.921 0.500
dcp  -2.374 18.941 0.127 0.500
dcp  -0.588 21.745 -4.899 0.750
dcp  2.992 23.514 -9.765 0.500
dcp  5.194 25.937 -13.314 1.000
dcp  6.896 27.460 -15.516 1.000
dcp  9.767 29.479 -17.833 1.000
dcp  11.061 31.411 -20.237 1.000
dcp  14.721 32.514 -24.452 0.500
dcp  19.821 34.160 -28.001 1.000
dcp  21.076 34.978 -28.565 0.500
dcp  25.103 37.452 -30.753 0.500
dcp  29.359 38.845 -33.114 0.500
dcp  31.905 40.621 -36.503 1.000
dcp  35.037 41.686 -39.733 0.500
dcp  37.250 42.217 -41.572 1.000
dcp  41.193 43.409 -45.251 0.250
dcp  41.638 43.139 -47.307 0.500
dcp  44.289 43.374 -48.162 0.500
dcp  46.669 43.560 -49.798 0.500
dcp  47.361 42.280 -51.000 0.500
dcp  49.387 44.046 -52.130 0.500
dcp  47.976 44.574 -54.389 0.500
dcp  45.523 43.147 -54.490 1.000
dcp  44.017 41.391 -55.620 1.000
dcp  43.071 40.760 -56.532 0.500
dcp  46.705 41.765 -58.734 1.000
dcp  48.954 41.463 -58.936 0.500
dcp  51.730 41.198 -60.124 1.000
dcp  51.151 40.004 -61.369 0.500
dcp  53.172 37.888 -61.383 0.500
dcp  54.270 35.225 -62.802 0.500
ne   54.358 32.652 -63.237 0.500
dcp  -5.771 15.924 5.804 1.000
dcp  -7.755 16.246 5.514 1.000
dcp  -9.581 16.195 4.153 0.500
dcp  -11.310 17.468 4.037 0.500
dcp  -13.697 17.253 4.399 1.000
dcp  -17.207 18.643 1.937 0.500
dcp  -21.166 20.288 -1.263 1.000
dcp  -22.783 21.980 -3.841 0.500
dcp  -23.413 24.457 -9.287 1.000
dcp  -24.708 27.353 -13.168 0.500
dcp  -25.188 30.390 -14.704 0.500
dcp  -25.894 32.588 -15.631 0.500
dcp  -26.477 36.207 -17.326 1.000
dcp  -28.588 37.987 -19.658 0.500
dcp  -30.971 39.719 -22.771 0.500
dcp  -33.455 41.074 -27.985 0.500
dcp  -37.713 43.534 -32.330 0.500
dcp  -39.592 46.181 -33.996 1.000
dcp  -41.107 47.291 -36.414 0.500
dcp  -43.094 49.533 -37.139 0.500
dcp  -44.428 51.314 -39.181 0.500
dcp  -46.871 52.823 -39.543 0.500
dcp  -49.288 54.430 -41.918 1.000
dcp  -53.075 54.785 -44.061 0.500
dcp  -56.957 55.750 -45.090 0.500
dcp  -60.920 57.381 -46.770 0.250
dcp  -64.773 58.458 -47.016 0.500
ne   -68.459 59.191 -47.059 0.500
dcp  -1.881 14.985 -9.156 1.000
dcp  -2.171 16.802 -8.606 0.500
dcp  -1.295 18.141 -8.592 0.500
dcp  -0.141 20.516 -8.896 0.500
dcp  -0.862 23.617 -10.432 0.500
dcp  -2.320 26.871 -11.721 0.250
dcp  -2.157 28.447 -11.953 0.500
dcp  4.688 35.638 -12.446 0.500
dcp  6.533 37.693 -12.012 0.500
dcp  7.958 40.115 -11.535 0.500
dcp  9.675 41.694 -11.187 0.500
dcp  11.101 44.116 -10.710 0.500
dcp  11.277 46.707 -10.768 0.500
dcp  12.167 49.062 -10.580 0.500
dcp  13.748 53.032 -11.609 0.500
dcp  13.684 55.688 -11.667 0.500
dcp  15.124 58.165 -12.957 0.500
dcp  18.184 61.858 -13.203 0.500
dcp  22.895 65.918 -13.566 0.500
dcp  27.481 70.477 -13.596 0.500
dcp  33.374 78.943 -13.916 0.500
dcp  36.689 85.521 -15.944 0.500
dcp  41.097 90.382 -15.931 0.500
dcp  48.040 95.043 -17.105 0.500
dcp  52.020 99.269 -18.742 0.500
dcp  55.051 99.956 -19.756 0.500
dcp  57.369 100.879 -21.016 0.500
dcp  60.666 102.560 -22.102 0.500
dcp  61.973 105.507 -24.333 0.500
dcp  64.073 108.513 -23.725 0.500
dcp  66.106 110.307 -23.581 1.000
dcp  68.049 112.725 -23.842 0.500
ne   70.706 115.882 -23.437 0.500
mto  1.869 0.969 11.729 4.500
dcp  2.682 2.071 16.016 3.750
bp   3.931 3.836 23.227 3.000
dcp  2.422 4.001 25.979 2.000
dcp  1.593 3.804 29.715 1.500
dcp  0.178 4.319 33.293 2.000
bp   1.363 3.911 33.785 2.250
dcp  2.756 3.313 35.016 2.000
dcp  3.149 2.849 36.986 2.000
bp   3.654 0.870 42.764 1.500
dcp  3.051 0.552 43.952 2.000
dcp  1.422 -1.665 45.531 0.500
dcp  0.236 -3.191 46.994 0.750
dcp  -2.189 -7.414 49.210 1.000
dcp  -3.657 -9.029 50.137 2.000
bp   -5.023 -11.227 51.224 1.500
dcp  -6.116 -11.444 51.137 0.500
dcp  -8.767 -11.678 51.991 1.000
dcp  -12.647 -14.567 53.353 0.750
dcp  -15.738 -17.411 54.758 0.500
dcp  -18.978 -19.841 56.989 1.000
dcp  -20.687 -21.392 57.916 1.000
dcp  -25.554 -25.065 62.146 0.750
dcp  -29.596 -27.595 66.100 0.500
dcp  -31.602 -30.250 70.633 1.500
dcp  -32.295 -32.838 71.430 1.000
dcp  -34.056 -35.544 74.443 1.000
dcp  -35.538 -40.110 77.152 0.500
dcp  -38.630 -44.888 80.512 1.000
dcp  -42.111 -47.253 82.743 1.000
dcp  -46.950 -48.895 87.320 1.000
dcp  -50.373 -52.010 90.695 0.500
dcp  -52.508 -54.182 92.766 1.000
dcp  -55.863 -55.111 97.024 0.500
dcp  -56.868 -55.966 98.863 1.000
dcp  -59.731 -56.023 100.500 0.500
dcp  -62.763 -55.750 103.454 1.000
dcp  -64.616 -54.938 106.046 0.500
dcp  -67.170 -54.808 110.522 1.000
dcp  -69.076 -56.126 114.779 0.500
dcp  -70.983 -56.484 120.978 0.500
ne   -71.186 -57.238 125.410 0.500
dcp  -4.351 -11.617 50.934 1.000
dcp  -5.019 -13.147 51.658 0.500
dcp  -6.035 -16.938 53.759 0.500
dcp  -6.562 -19.870 54.758 0.750
dcp  -6.259 -22.605 56.337 1.000
dcp  -6.663 -27.009 56.584 1.000
dcp  -8.309 -35.084 57.165 0.500
dcp  -9.103 -42.878 57.832 1.000
dcp  -11.914 -51.435 61.323 1.000
dcp  -12.008 -60.479 66.379 0.500
dcp  -9.504 -69.485 74.606 1.000
dcp  -8.232 -74.399 76.619 0.500
dcp  -8.695 -77.093 77.662 0.500
dcp  -9.794 -83.125 80.647 1.000
dcp  -9.116 -89.289 83.182 1.500
dcp  -9.116 -89.289 83.182 0.500
dcp  -7.460 -93.735 83.515 1.000
dcp  -7.134 -97.346 82.661 0.500
dcp  -6.511 -99.852 82.517 0.500
dcp  -6.332 -103.049 82.488 0.500
dcp  -7.097 -105.902 81.967 1.000
dcp  -7.718 -115.946 81.752 0.500
dcp  -8.382 -120.356 80.970 0.500
dcp  -7.814 -124.032 80.116 0.500
dcp  -7.694 -130.346 78.539 0.500
dcp  -5.621 -136.134 78.409 0.500
ne   -5.192 -140.328 77.714 0.500
dcp  4.042 1.351 43.879 1.500
dcp  3.533 1.383 45.892 1.500
bp   4.145 0.769 48.354 1.500
dcp  3.678 -0.005 48.963 0.500
dcp  2.040 -1.290 51.208 1.000
dcp  1.495 -2.358 53.539 1.500
dcp  0.821 -2.942 57.725 1.000
dcp  0.173 -3.427 59.897 1.000
dcp  -0.229 -3.964 64.865 1.000
dcp  0.056 -2.900 70.136 1.000
dcp  -0.159 -2.737 72.439 1.000
dcp  -0.822 -3.278 76.378 1.000
dcp  -1.094 -3.325 79.911 0.500
dcp  -0.848 -3.375 82.707 1.000
dcp  0.067 -4.790 84.792 0.500
dcp  1.750 -5.270 87.833 0.500
dcp  2.817 -5.151 89.933 1.000
dcp  6.247 -5.875 91.743 1.000
dcp  8.742 -5.254 94.756 1.000
dcp  10.145 -4.850 97.681 1.000
dcp  11.223 -4.688 99.534 0.500
dcp  12.960 -5.933 100.925 1.000
dcp  13.969 -6.998 103.836 0.500
dcp  14.032 -8.694 105.835 0.500
dcp  15.442 -10.196 107.674 0.500
dcp  16.911 -11.473 111.077 1.000
dcp  17.448 -12.367 113.742 0.500
dcp  17.028 -13.933 115.741 0.500
dcp  18.487 -15.253 119.391 1.000
dcp  19.888 -18.716 121.911 0.500
dcp  20.442 -20.514 125.184 0.500
dcp  20.615 -22.764 128.617 0.500
dcp  19.370 -24.513 132.831 0.500
dcp  20.890 -26.569 136.104 0.500
dcp  20.850 -27.683 137.944 0.500
dcp  24.144 -30.844 140.348 0.500
dcp  26.435 -33.887 140.696 0.500
dcp  28.531 -35.723 140.479 0.500
ne   29.231 -36.975 140.552 0.500
dcp  4.974 0.967 48.933 1.000
dcp  6.391 1.427 50.092 1.000
dcp  8.144 2.172 52.076 1.500
dcp  9.591 2.744 54.016 1.500
bp   10.284 3.398 55.175 1.000
dcp  11.499 3.103 56.449 0.500
dcp  13.415 3.490 60.156 0.750
dcp  15.491 4.478 63.212 1.000
dcp  17.943 6.865 65.254 0.500
dcp  21.751 7.554 68.845 0.500
dcp  23.735 5.299 71.090 0.500
dcp  25.685 4.851 72.118 0.500
dcp  27.679 5.532 74.102 0.500
dcp  30.575 3.781 73.682 0.500
dcp  31.286 2.571 73.508 0.500
dcp  30.890 0.128 73.074 0.500
dcp  31.857 -3.024 73.089 0.500
dcp  31.982 -5.457 74.712 0.500
dcp  33.619 -8.039 76.377 0.500
dcp  34.482 -9.649 78.173 0.500
dcp  35.082 -12.239 78.521 0.500
dcp  35.619 -15.066 78.826 0.500
dcp  36.219 -17.656 79.173 0.500
dcp  36.274 -19.380 79.898 1.000
dcp  37.498 -22.541 82.462 0.500
dcp  37.476 -22.625 82.954 0.500
dcp  37.654 -25.821 82.925 0.500
dcp  37.865 -27.932 84.099 1.000
dcp  39.003 -29.481 85.156 1.000
dcp  42.198 -33.980 87.836 0.500
dcp  42.034 -35.555 88.068 0.500
dcp  44.990 -37.082 89.212 0.500
dcp  46.867 -40.703 90.458 0.500
dcp  50.374 -43.067 92.500 1.000
dcp  52.589 -43.495 93.036 1.000
dcp  55.878 -45.711 94.586 1.000
dcp  61.763 -46.927 96.932 1.000
dcp  65.931 -46.829 98.915 0.500
dcp  71.142 -46.697 99.176 0.500
ne   77.060 -46.828 98.408 1.000
dcp  10.011 4.311 56.333 0.500
dcp  10.853 6.485 59.027 0.500
dcp  11.641 8.463 61.430 0.500
dcp  12.393 10.301 61.778 0.500
dcp  13.655 13.081 64.847 0.500
dcp  15.051 15.392 68.859 0.500
dcp  17.852 18.120 74.274 0.500
dcp  18.619 20.014 77.171 0.500
dcp  20.634 21.739 80.602 0.500
dcp  23.407 23.395 83.296 0.500
dcp  24.346 25.932 85.294 0.500
dcp  27.076 28.395 89.392 0.500
dcp  30.649 30.137 91.883 1.000
dcp  33.516 32.143 95.401 0.500
dcp  35.696 36.417 99.021 0.500
dcp  37.547 39.460 102.670 0.500
dcp  38.317 43.302 106.406 1.000
dcp  40.741 48.485 110.446 0.500
ne   41.490 52.243 114.674 0.500
dcp  0.813 3.789 35.262 2.250
dcp  -0.704 3.926 36.739 2.250
dcp  -2.762 5.902 39.013 1.500
dcp  -3.415 6.362 40.331 1.500
bp   -4.207 6.305 41.808 1.750
dcp  -5.173 6.563 41.808 1.500
dcp  -6.731 6.546 42.749 1.000
dcp  -7.753 6.595 43.980 1.000
dcp  -10.130 7.382 46.037 0.500
dcp  -15.862 7.240 48.035 1.500
dcp  -22.098 8.116 50.946 0.750
dcp  -26.409 8.447 52.583 0.500
dcp  -29.000 8.437 55.002 0.500
bp   -31.482 8.832 56.479 1.500
dcp  -31.464 8.902 57.507 1.500
dcp  -33.266 10.870 58.014 0.500
dcp  -34.788 11.952 58.636 1.000
dcp  -38.003 13.474 60.780 1.000
dcp  -40.592 16.371 61.663 1.000
dcp  -44.577 17.920 64.791 0.750
dcp  -46.870 18.054 65.978 0.500
dcp  -49.713 20.001 66.688 0.500
dcp  -53.592 20.980 68.455 1.000
dcp  -57.008 22.721 71.134 0.500
dcp  -61.403 23.704 73.639 1.000
dcp  -65.448 25.028 75.203 1.000
dcp  -68.714 27.328 77.477 0.500
dcp  -70.548 30.143 79.142 0.500
dcp  -72.481 31.621 81.082 1.000
dcp  -76.278 35.802 83.906 0.500
dcp  -80.471 37.541 86.295 1.000
dcp  -83.926 40.101 88.859 0.500
dcp  -85.189 42.149 92.450 0.500
dcp  -87.611 44.703 93.536 0.500
dcp  -93.956 48.068 97.373 1.000
dcp  -97.628 51.751 99.864 0.500
dcp  -100.284 54.397 102.224 0.500
ne   -104.700 54.336 103.282 1.000
dcp  -31.236 7.822 57.333 1.500
dcp  -32.615 7.502 58.231 1.000
dcp  -35.454 6.569 61.751 1.000
dcp  -37.874 6.228 62.852 1.500
dcp  -43.152 4.884 66.444 1.000
dcp  -50.141 2.949 68.587 1.000
dcp  -52.642 1.340 70.992 1.000
bp   -55.030 -0.808 73.309 1.000
dcp  -55.468 -0.511 72.324 0.500
dcp  -60.650 -0.531 77.162 0.500
dcp  -63.921 -2.113 80.551 0.500
dcp  -67.686 -3.608 84.186 0.500
dcp  -71.170 -4.053 90.298 0.500
dcp  -72.310 -5.411 90.776 0.500
ne   -70.199 -7.191 93.108 0.500
dcp  -54.996 -0.682 72.571 1.000
dcp  -59.020 -3.142 73.237 0.500
dcp  -61.589 -5.003 72.803 0.500
dcp  -66.426 -8.565 73.499 0.750
dcp  -68.027 -9.710 73.485 0.500
dcp  -71.500 -12.048 72.674 0.500
dcp  -75.972 -17.147 72.617 1.000
dcp  -79.807 -19.867 72.994 0.500
dcp  -81.307 -22.569 72.719 1.000
dcp  -84.410 -25.455 74.371 0.500
dcp  -90.014 -28.017 76.471 1.000
dcp  -95.520 -30.214 77.877 1.000
dcp  -97.374 -31.337 78.108 1.000
dcp  -104.949 -34.494 82.048 0.500
dcp  -107.468 -35.198 83.844 1.000
dcp  -113.906 -37.011 84.511 1.000
dcp  -118.890 -38.225 84.077 0.500
dcp  -121.665 -38.921 83.324 0.500
dcp  -128.710 -36.238 84.729 1.500
dcp  -134.682 -33.409 85.192 0.500
dcp  -137.036 -32.538 86.756 1.000
ne   -139.582 -32.380 88.190 1.000
dcp  -3.786 6.911 42.184 0.500
dcp  -3.278 7.840 42.112 0.250
dcp  -3.510 8.907 43.806 1.000
dcp  -4.489 10.084 45.993 0.500
dcp  -5.112 10.656 48.093 1.000
dcp  -6.256 14.112 52.437 1.000
dcp  -6.853 16.716 54.884 0.500
dcp  -7.073 17.825 56.332 0.750
dcp  -7.524 19.040 57.534 0.500
dcp  -6.932 21.250 58.953 1.000
dcp  -6.246 23.811 61.197 0.500
dcp  -6.423 26.047 63.601 1.000
dcp  -5.887 28.048 66.251 0.500
dcp  -4.937 30.628 68.003 0.500
dcp  -4.539 34.044 68.857 0.500
dcp  -3.994 35.113 70.841 0.500
dcp  -3.281 37.772 75.388 1.000
dcp  -2.839 39.422 77.212 0.500
dcp  -2.151 42.957 79.876 1.000
dcp  -1.556 46.141 81.715 0.500
dcp  -1.078 48.892 83.221 0.500
dcp  -0.508 51.018 85.132 0.500
dcp  -0.708 53.171 88.028 1.500
dcp  -0.797 56.704 90.403 0.500
dcp  -1.294 60.645 92.575 0.500
dcp  -0.605 64.180 95.239 0.500
dcp  -0.179 68.669 98.815 0.500
dcp  0.277 71.336 100.814 0.500
dcp  0.508 75.097 101.465 1.000
dcp  0.257 80.922 104.476 1.000
dcp  -0.909 86.228 107.358 0.500
dcp  -3.255 90.995 110.601 0.500
dcp  -5.169 96.411 113.975 0.500
ne   -7.528 100.162 117.044 0.500
dcp  4.414 3.707 23.227 2.000
dcp  5.088 4.291 23.358 1.500
dcp  7.433 5.312 24.400 1.000
dcp  8.264 6.484 25.399 1.000
dcp  10.839 7.399 26.688 1.000
bp   12.303 9.000 27.281 2.000
dcp  13.327 7.991 28.426 1.000
dcp  17.423 7.824 29.092 1.000
dcp  21.568 7.838 31.568 1.000
dcp  26.005 7.009 33.914 0.500
dcp  28.442 6.446 33.422 0.500
dcp  29.887 6.044 34.942 1.000
bp   30.992 6.303 34.783 1.500
dcp  31.018 6.401 37.085 0.250
dcp  32.677 6.796 38.244 0.250
dcp  33.347 7.366 39.895 1.500
dcp  36.343 8.888 41.560 1.500
dcp  39.269 9.184 44.282 1.000
dcp  42.495 10.598 46.194 1.500
dcp  48.443 8.645 48.163 1.000
dcp  52.964 4.270 49.655 1.000
dcp  55.073 1.517 51.567 1.000
dcp  56.620 1.493 55.188 0.500
dcp  57.939 -0.345 54.681 0.750
dcp  60.926 0.175 58.968 0.750
dcp  63.550 -1.623 62.081 1.000
dcp  64.725 -3.032 65.195 0.500
dcp  65.889 -4.483 68.555 1.000
dcp  68.604 -5.944 74.015 1.000
dcp  69.339 -8.030 75.724 0.500
dcp  74.894 -7.584 78.085 1.000
dcp  79.547 -9.535 80.503 1.000
dcp  87.514 -10.710 82.444 0.250
dcp  92.612 -11.971 80.431 0.500
dcp  97.803 -12.882 79.243 0.500
dcp  104.589 -13.636 79.170 0.750
dcp  108.686 -14.764 77.896 1.000
dcp  115.617 -15.946 78.519 1.000
dcp  118.494 -15.833 79.431 0.750
dcp  122.285 -16.174 80.054 0.500
dcp  126.019 -18.659 79.547 0.500
dcp  128.229 -21.035 79.243 0.750
ne   129.476 -22.179 79.359 1.000
dcp  30.830 5.701 35.435 1.000
dcp  34.215 4.809 33.914 0.500
dcp  37.921 3.186 33.045 1.000
dcp  41.864 2.445 31.322 1.000
dcp  45.603 0.947 29.714 0.500
dcp  47.580 0.598 28.729 0.500
dcp  51.043 -1.935 27.441 1.000
dcp  56.215 -2.916 25.225 1.000
dcp  58.937 -4.350 23.328 0.500
dcp  62.704 -6.709 22.083 1.000
dcp  69.788 -9.253 18.419 1.500
dcp  72.229 -9.802 16.406 1.000
dcp  76.811 -10.086 15.551 0.500
dcp  79.479 -10.755 15.305 0.750
dcp  80.922 -10.198 14.450 1.000
dcp  84.280 -13.122 12.582 0.500
dcp  87.088 -14.234 10.236 1.000
dcp  91.491 -15.189 9.005 1.000
dcp  96.455 -15.980 6.051 1.000
dcp  102.305 -16.364 2.445 0.500
dcp  108.212 -19.432 -2.378 0.750
dcp  111.576 -21.368 -5.346 0.500
dcp  112.949 -23.970 -7.504 0.500
dcp  113.856 -27.347 -9.053 1.000
dcp  113.369 -29.165 -9.893 0.500
dcp  111.306 -29.138 -12.775 0.500
dcp  115.351 -30.462 -14.339 1.000
dcp  116.337 -31.611 -15.251 0.500
dcp  119.953 -35.503 -16.510 0.500
dcp  122.113 -37.102 -16.684 0.500
dcp  122.410 -38.890 -15.960 1.000
dcp  122.014 -41.333 -16.394 0.500
dcp  121.332 -43.879 -15.843 0.500
ne   121.937 -47.415 -14.641 0.500
dcp  12.249 9.765 28.932 1.000
dcp  13.231 11.496 29.526 1.000
dcp  15.547 13.379 30.206 0.500
dcp  16.667 15.628 30.640 0.500
dcp  17.040 17.987 31.567 1.000
dcp  18.894 19.109 31.335 0.250
dcp  20.003 21.316 32.015 1.000
dcp  20.146 23.782 32.695 1.000
dcp  21.166 27.587 33.390 1.000
dcp  22.976 29.515 34.563 0.500
dcp  23.457 33.240 36.488 1.500
dcp  24.474 36.071 36.763 0.250
dcp  24.000 40.097 38.442 1.000
dcp  25.075 42.178 39.861 1.000
dcp  26.150 44.259 41.280 1.000
dcp  27.639 46.918 41.801 0.500
dcp  29.385 49.570 44.871 0.500
dcp  30.592 52.140 44.856 0.750
dcp  33.011 55.375 48.056 0.500
dcp  33.407 57.818 48.490 1.000
dcp  34.194 58.822 50.474 1.000
dcp  35.378 63.243 53.312 1.000
dcp  34.969 64.612 55.050 1.500
dcp  36.723 66.331 57.453 1.000
dcp  36.359 67.868 58.206 0.500
dcp  36.983 71.165 60.827 0.500
dcp  37.633 72.625 63.390 0.500
dcp  37.578 76.284 65.026 0.500
dcp  36.135 80.554 68.226 0.500
dcp  37.008 83.814 72.122 0.500
dcp  36.166 86.469 76.089 0.500
dcp  34.649 89.499 77.552 0.500
dcp  31.842 92.546 82.258 0.500
dcp  31.738 96.023 86.399 0.500
ne   33.303 98.963 91.033 0.500
mto  -2.461 7.990 4.096 2.000
dcp  -2.279 9.636 4.892 1.500
dcp  -2.803 11.546 6.717 1.000
dcp  -2.946 13.908 8.382 1.500
dcp  -3.034 16.480 8.816 1.000
dcp  -2.640 17.949 8.830 2.000
dcp  -2.529 21.263 10.669 1.500
dcp  -2.982 24.398 11.436 1.000
dcp  -1.769 26.997 12.696 1.000
dcp  -1.764 28.945 13.536 1.000
bp   -1.878 29.485 13.622 2.500
dcp  -2.095 30.608 13.550 1.500
dcp  -1.239 32.838 14.476 1.000
dcp  -1.315 35.452 14.664 1.500
bp   -1.174 36.943 14.925 1.000
dcp  -0.519 37.457 14.027 1.000
dcp  -0.436 39.699 13.143 1.000
dcp  -1.193 41.701 11.926 1.500
dcp  0.605 44.547 10.970 1.500
dcp  1.665 46.572 9.840 1.500
dcp  2.695 48.485 7.928 1.500
dcp  5.069 49.617 5.437 1.500
dcp  6.780 50.208 2.570 1.000
dcp  11.465 52.236 -2.456 0.750
dcp  16.881 54.097 -6.208 1.000
dcp  19.804 56.312 -8.235 0.750
dcp  21.450 57.625 -9.206 0.500
dcp  25.175 58.006 -11.002 0.500
dcp  30.100 60.929 -14.087 0.500
dcp  31.399 61.915 -15.637 0.500
dcp  34.727 65.641 -17.897 1.000
dcp  37.322 67.599 -19.476 0.500
dcp  39.850 71.239 -21.533 0.500
dcp  42.627 72.909 -24.676 0.500
dcp  47.687 73.441 -35.016 1.000
dcp  49.702 75.164 -40.216 1.000
dcp  51.012 76.192 -42.011 0.500
dcp  54.577 77.905 -45.111 0.500
dcp  58.669 80.617 -47.255 1.000
dcp  61.320 82.784 -50.065 0.500
dcp  63.745 85.073 -50.326 0.500
dcp  65.573 88.032 -50.500 0.500
dcp  67.781 91.443 -50.834 0.500
dcp  68.969 93.943 -51.877 0.500
ne   68.998 96.949 -51.110 0.500
dcp  -1.106 39.130 20.124 0.250
dcp  -0.840 40.123 20.051 2.000
dcp  -0.404 43.680 22.961 2.000
dcp  1.017 46.088 24.960 1.500
dcp  2.037 47.959 27.610 0.500
dcp  2.123 50.215 29.521 0.500
dcp  3.972 52.284 32.750 1.500
dcp  4.794 54.388 34.415 0.500
dcp  6.025 56.083 36.283 1.000
dcp  7.636 58.230 37.992 1.000
dcp  8.700 60.269 39.657 0.250
dcp  11.572 63.263 42.075 0.250
dcp  13.475 64.568 43.653 1.500
bp   14.559 65.716 44.406 1.750
dcp  15.261 65.438 44.898 1.500
dcp  18.081 66.302 44.666 1.000
dcp  23.136 67.782 46.418 1.000
dcp  25.605 68.304 47.128 0.750
dcp  28.178 68.245 47.997 1.000
dcp  30.966 69.957 48.923 1.000
dcp  33.604 71.109 50.255 0.500
dcp  35.770 72.433 51.341 1.000
dcp  39.548 73.010 54.151 1.000
dcp  44.525 74.196 57.626 1.500
dcp  45.783 75.029 59.856 1.000
dcp  48.826 75.758 62.912 1.000
dcp  50.313 77.444 63.013 0.500
dcp  52.547 79.020 66.937 0.500
dcp  56.177 80.012 70.572 1.000
dcp  58.317 81.238 73.671 0.500
dcp  58.382 83.410 76.074 1.000
dcp  60.163 85.227 80.781 0.500
dcp  62.716 85.098 84.937 0.500
dcp  63.038 84.368 89.905 0.500
ne   63.488 84.113 90.643 0.500
dcp  14.423 66.173 44.985 1.000
dcp  14.377 70.833 48.315 0.500
dcp  14.877 76.562 53.630 1.500
dcp  14.767 79.051 54.556 1.500
dcp  14.266 81.044 55.888 2.000
dcp  13.788 83.122 56.728 1.000
dcp  14.780 84.895 57.075 1.000
dcp  14.948 88.418 57.683 1.500
dcp  14.724 91.447 58.696 0.500
dcp  14.606 94.868 60.289 1.500
dcp  13.033 101.556 63.387 0.500
dcp  11.464 106.325 66.920 0.500
dcp  10.934 110.141 69.831 0.500
dcp  11.324 113.531 73.726 0.500
ne   9.072 118.648 77.795 0.500
dcp  -4.598 29.959 13.579 0.500
dcp  -5.380 32.838 14.795 1.000
dcp  -6.962 38.524 16.199 1.000
dcp  -9.215 41.707 17.908 1.000
dcp  -13.080 45.637 22.209 0.500
dcp  -13.639 48.380 22.397 0.250
dcp  -15.400 50.502 23.439 0.750
dcp  -18.954 51.724 26.277 1.000
dcp  -22.499 55.883 28.855 1.000
dcp  -23.745 58.961 31.099 1.000
dcp  -28.061 62.172 34.242 1.500
dcp  -31.135 65.185 36.645 1.000
dcp  -34.779 68.006 39.498 0.500
dcp  -39.174 70.923 40.048 1.000
dcp  -41.929 74.165 40.728 1.000
dcp  -45.601 77.848 43.219 1.000
dcp  -46.824 81.010 44.971 0.250
dcp  -50.051 82.489 47.360 1.000
dcp  -56.075 85.124 51.850 0.500
dcp  -59.549 85.680 55.340 1.000
dcp  -60.528 86.857 57.527 1.000
dcp  -66.766 91.588 62.363 0.500
dcp  -69.588 94.579 64.521 0.500
dcp  -75.265 97.540 69.589 1.000
dcp  -76.075 101.280 70.443 0.500
dcp  -75.602 104.977 71.094 0.500
dcp  -77.966 106.779 69.009 0.500
dcp  -80.961 107.192 69.704 0.500
dcp  -82.957 107.472 69.661 0.500
ne   -84.592 109.095 70.370 0.500
mto  0.498 8.411 1.764 0.250
scp  2.175 6.943 1.591 0.250
scp  5.174 4.610 1.330 0.250
scp  6.734 2.707 0.824 0.250
scp  7.674 0.416 0.476 0.250
scp  8.740 -1.399 0.216 0.250
scp  8.841 -2.955 -0.045 0.250
scp  7.732 -5.162 -0.725 0.250
scp  4.923 -5.983 -0.739 0.250
scp  3.092 -7.022 -1.000 0.250
scp  0.917 -7.414 -1.420 0.250
scp  -2.375 -8.106 -1.434 0.250
scp  -4.535 -6.508 -1.260 0.250
scp  -5.373 -5.773 -1.173 0.250
scp  -6.440 -3.958 -0.913 0.250
scp  -7.862 -1.538 -0.566 0.250
scp  -7.468 -0.069 -0.551 0.250
scp  -6.603 1.228 -0.291 0.250
scp  -5.483 3.477 0.143 0.250
scp  -4.629 4.732 0.650 0.250
scp  -3.497 7.023 0.838 0.250
scp  -2.276 7.715 1.012 0.250
ne   0.038 8.625 1.272 0.250
