./cells/87_9_cat/j987dd_sdt/j987dd_sdt.txt
mto  0.122 10.478 1.950 0.250
scp  2.113 8.648 1.967 0.250
scp  4.679 5.431 2.226 0.250
scp  6.384 2.916 2.355 0.250
scp  6.792 0.899 2.226 0.250
scp  6.164 -2.704 0.371 0.250
scp  6.060 -6.062 0.225 0.250
scp  3.126 -8.534 0.526 0.250
scp  1.301 -10.488 0.120 0.250
scp  -0.602 -10.824 -0.639 0.250
scp  -3.562 -8.894 -1.398 0.250
scp  -4.642 -7.191 -0.432 0.250
scp  -6.348 -4.676 -0.561 0.250
scp  -6.420 -1.400 0.310 0.250
scp  -5.371 4.055 -2.182 0.250
scp  -4.586 7.179 -3.967 0.250
scp  -4.767 9.853 -3.709 0.250
mae  -0.445 11.317 0.613 0.250
mto  -1.863 10.104 -4.269 6.000
dcp  -2.795 14.083 -3.527 4.000
dcp  -3.995 22.074 -6.278 4.000
bp   -4.118 26.155 -8.434 4.000
dcp  -5.920 27.245 -10.819 1.500
dcp  -7.983 26.007 -16.378 1.000
bp   -8.353 23.076 -20.164 2.000
dcp  -9.108 23.552 -20.293 0.500
dcp  -10.906 22.989 -21.052 1.000
dcp  -14.126 22.591 -24.986 1.000
dcp  -17.883 24.149 -31.157 0.500
dcp  -18.063 24.617 -33.218 0.500
dcp  -20.213 25.821 -41.368 1.000
dcp  -23.834 27.995 -45.107 1.000
dcp  -25.898 30.342 -50.519 1.000
dcp  -26.647 35.510 -57.104 0.750
dcp  -28.662 40.915 -62.675 0.750
dcp  -32.373 44.701 -69.618 0.500
dcp  -35.637 45.938 -79.847 0.500
dcp  -38.948 46.876 -83.651 1.000
dcp  -40.967 50.073 -87.661 0.500
dcp  -44.239 52.684 -92.301 1.000
dcp  -47.939 56.200 -93.060 1.000
dcp  -50.041 61.013 -93.543 1.000
dcp  -53.307 66.110 -92.465 0.500
dcp  -54.590 75.718 -91.689 1.000
dcp  -55.407 83.612 -94.617 0.500
dcp  -57.207 88.014 -97.402 1.500
dcp  -58.966 95.745 -95.919 0.500
ne   -59.880 101.939 -97.769 0.500
dcp  -8.196 22.322 -20.470 0.750
dcp  -10.414 17.977 -22.536 0.500
dcp  -14.856 12.045 -27.133 0.500
bp   -20.244 7.601 -28.945 1.000
dcp  -21.163 8.276 -28.833 1.000
dcp  -21.743 10.212 -31.860 1.000
dcp  -22.160 9.742 -33.568 1.500
dcp  -23.201 10.912 -35.759 0.500
dcp  -24.808 13.197 -42.620 0.500
dcp  -25.324 13.784 -47.596 1.000
dcp  -26.413 11.069 -54.121 0.500
dcp  -28.170 8.870 -59.196 0.500
dcp  -30.698 6.037 -64.531 0.500
dcp  -33.314 0.679 -66.549 1.000
dcp  -35.505 -2.274 -68.969 0.500
dcp  -39.148 -2.869 -74.062 1.000
dcp  -37.340 0.457 -74.799 0.500
dcp  -35.745 2.304 -77.309 0.500
dcp  -32.885 6.672 -85.178 0.500
dcp  -32.844 9.174 -85.402 0.500
dcp  -34.324 14.552 -83.082 0.500
ne   -33.110 18.428 -83.643 1.000
dcp  -21.483 6.747 -27.272 0.500
dcp  -25.379 3.827 -28.808 0.500
dcp  -32.395 1.659 -32.569 0.500
dcp  -35.589 -4.520 -33.268 1.000
dcp  -40.505 -7.915 -36.399 1.000
dcp  -43.287 -9.489 -38.029 0.500
dcp  -47.750 -12.949 -38.728 1.000
dcp  -54.518 -10.588 -39.846 0.500
dcp  -59.476 -7.383 -40.687 1.000
dcp  -64.019 -5.640 -41.593 1.000
dcp  -71.456 -2.763 -41.261 0.750
dcp  -76.145 -5.777 -40.930 1.000
dcp  -80.482 -11.385 -37.700 0.750
dcp  -82.510 -20.055 -42.280 1.500
dcp  -81.378 -24.492 -45.872 0.500
ne   -84.725 -21.639 -52.574 0.500
bp   -4.251 27.472 -9.094 3.500
dcp  -5.534 27.701 -7.050 0.500
dcp  -8.058 33.144 -4.200 1.000
dcp  -12.259 37.806 -3.139 1.000
dcp  -19.061 45.668 3.605 0.250
dcp  -23.173 50.646 13.523 1.000
dcp  -27.232 53.167 17.482 1.000
dcp  -32.394 56.828 23.372 0.500
dcp  -38.269 62.089 31.082 1.000
dcp  -40.021 63.478 32.885 0.500
dcp  -41.887 67.022 33.609 1.000
dcp  -45.005 70.809 34.316 0.500
dcp  -49.295 74.325 36.519 1.500
dcp  -53.310 74.660 38.947 0.500
dcp  -58.589 77.163 44.160 1.000
dcp  -62.808 79.609 47.812 1.000
dcp  -66.919 85.416 47.730 1.000
dcp  -73.702 86.667 46.484 0.750
dcp  -79.484 87.556 47.251 0.750
dcp  -85.896 89.532 47.470 0.750
dcp  -90.190 91.943 52.395 1.000
dcp  -93.498 93.435 52.537 0.750
dcp  -98.232 93.986 52.226 1.000
dcp  -101.793 94.807 50.419 0.750
dcp  -106.341 96.825 50.061 0.500
dcp  -110.032 98.414 50.380 0.500
dcp  -112.636 99.958 50.957 1.000
dcp  -115.569 101.900 52.018 0.500
dcp  -120.664 97.593 48.999 0.500
dcp  -122.257 93.540 49.188 0.500
dcp  -122.040 90.331 49.654 1.000
ne   -120.525 84.142 51.392 0.500
dcp  -3.822 29.603 -10.042 3.250
bp   -3.878 30.404 -9.189 3.500
dcp  -2.869 30.875 -10.443 1.500
dcp  0.167 33.394 -10.197 0.750
dcp  5.634 37.598 -10.205 0.750
bp   10.231 45.535 -10.261 3.250
dcp  10.141 46.872 -10.131 0.500
dcp  11.242 47.937 -9.743 0.500
dcp  14.314 58.196 -11.200 1.500
dcp  15.599 68.174 -13.899 0.500
dcp  17.430 74.545 -16.615 0.500
dcp  18.676 75.954 -18.224 0.500
dcp  22.005 81.368 -23.532 1.000
dcp  24.505 85.843 -25.524 0.500
dcp  28.697 90.005 -27.916 0.500
dcp  28.327 95.901 -26.303 1.000
dcp  30.028 102.763 -23.560 1.000
dcp  31.416 108.927 -22.525 0.500
dcp  31.410 114.165 -24.004 1.000
dcp  30.145 120.471 -27.738 1.000
dcp  29.071 126.591 -29.894 0.500
dcp  28.046 128.871 -31.956 1.500
dcp  25.089 132.182 -38.769 1.000
dcp  26.753 135.717 -44.176 0.500
dcp  29.338 142.714 -45.603 0.500
dcp  31.609 152.324 -45.258 0.500
dcp  34.010 157.582 -47.185 0.500
dcp  33.895 161.114 -50.436 0.500
dcp  34.351 166.016 -53.912 1.000
ne   34.111 169.215 -60.078 0.500
dcp  10.544 45.129 -9.713 1.000
dcp  15.523 47.451 -11.864 1.000
dcp  22.022 51.585 -15.253 1.000
dcp  26.177 52.970 -17.970 1.000
dcp  29.152 53.530 -19.254 1.000
dcp  37.380 55.712 -23.480 0.500
dcp  45.456 56.995 -25.773 0.500
dcp  51.604 59.862 -28.873 1.000
dcp  55.494 65.814 -31.136 0.500
dcp  57.916 70.529 -31.309 2.000
dcp  62.276 76.424 -32.171 0.500
dcp  63.528 80.594 -31.394 0.750
dcp  61.577 89.614 -30.329 0.750
dcp  63.912 96.771 -33.092 0.500
dcp  66.493 102.940 -35.132 0.500
dcp  68.755 105.099 -34.597 0.500
dcp  70.320 110.242 -35.446 1.000
dcp  71.787 117.270 -35.070 0.500
dcp  75.732 123.523 -37.028 0.500
dcp  78.936 126.672 -36.411 0.500
dcp  78.758 131.555 -37.713 0.500
dcp  77.327 133.646 -41.965 1.000
dcp  78.697 137.870 -41.671 0.500
ne   80.320 144.144 -41.602 0.500
dcp  -4.726 31.388 -9.801 2.750
dcp  -5.694 35.902 -9.784 2.750
dcp  -6.313 46.371 -8.748 3.000
bp   -6.867 51.906 -9.809 2.750
dcp  -8.075 52.170 -9.037 1.000
dcp  -12.881 57.376 -10.650 1.000
dcp  -15.780 62.921 -15.385 1.000
dcp  -18.128 68.998 -19.926 0.750
dcp  -22.027 72.145 -22.328 0.500
dcp  -25.825 76.718 -26.356 0.250
dcp  -26.193 79.305 -28.223 0.500
dcp  -28.419 82.405 -29.448 0.500
dcp  -33.090 82.985 -33.881 1.000
dcp  -38.819 88.313 -39.328 1.000
dcp  -40.955 92.558 -41.695 1.000
dcp  -45.238 96.905 -42.760 1.000
dcp  -46.064 100.933 -45.352 1.000
dcp  -50.570 107.108 -51.441 1.500
dcp  -53.624 109.821 -56.017 0.500
dcp  -56.249 114.390 -58.207 0.500
dcp  -56.939 119.309 -61.700 1.000
dcp  -58.313 123.634 -63.873 1.000
dcp  -58.850 126.969 -68.285 0.500
dcp  -61.995 131.847 -68.237 1.000
dcp  -64.227 131.910 -68.514 0.500
dcp  -68.804 129.500 -71.451 0.500
dcp  -71.728 129.791 -72.645 0.500
dcp  -75.235 130.915 -74.146 0.500
dcp  -78.428 131.908 -78.433 1.000
dcp  -81.404 134.382 -84.828 0.500
dcp  -86.048 134.975 -87.442 0.500
dcp  -88.465 137.986 -86.911 0.500
dcp  -90.253 139.910 -85.833 0.500
dcp  -93.369 141.216 -84.113 0.500
dcp  -95.401 137.786 -79.559 1.000
ne   -95.240 136.482 -77.080 0.500
dcp  -6.261 52.740 -9.309 2.750
bp   -6.698 58.329 -10.852 3.000
dcp  -8.343 58.389 -10.210 0.250
dcp  -12.242 61.536 -12.612 0.500
dcp  -14.930 66.903 -20.680 1.000
dcp  -17.787 67.777 -22.052 1.000
dcp  -19.734 67.697 -26.933 0.500
dcp  -19.250 69.026 -28.736 1.000
dcp  -23.031 72.228 -31.621 0.500
dcp  -26.175 75.176 -37.227 1.000
dcp  -34.669 75.353 -45.481 1.000
dcp  -39.605 74.982 -51.381 1.000
dcp  -41.227 74.777 -56.198 1.000
dcp  -45.183 75.967 -64.012 1.000
dcp  -48.532 80.750 -65.060 1.000
dcp  -48.596 84.857 -67.457 1.500
dcp  -50.704 88.012 -69.165 1.000
dcp  -52.817 91.716 -73.659 0.500
dcp  -56.805 93.994 -78.251 0.500
dcp  -58.877 95.511 -80.395 0.500
dcp  -59.950 99.148 -81.537 1.000
dcp  -64.033 102.761 -82.120 0.500
dcp  -66.285 104.469 -82.991 0.500
dcp  -70.726 105.157 -84.509 1.000
dcp  -73.619 105.463 -87.765 1.000
dcp  -75.506 105.410 -92.888 0.750
dcp  -72.301 106.905 -101.258 1.000
dcp  -72.066 105.911 -103.384 0.500
dcp  -73.758 105.398 -107.477 0.750
dcp  -75.761 109.705 -111.358 1.000
ne   -73.119 111.213 -114.945 0.500
dcp  -6.815 58.274 -10.369 3.000
dcp  -6.513 64.484 -9.593 2.000
dcp  -5.916 74.141 -10.425 2.500
dcp  -6.091 80.955 -9.955 1.750
bp   -6.862 83.906 -10.067 2.750
dcp  -8.496 84.247 -9.907 0.250
dcp  -11.575 88.328 -7.863 1.000
dcp  -17.770 93.715 -4.099 0.500
dcp  -22.053 98.890 -0.671 1.000
dcp  -27.435 103.828 2.981 0.750
dcp  -31.079 112.887 7.781 1.000
dcp  -34.209 118.599 11.291 0.250
dcp  -38.119 126.430 17.958 0.500
dcp  -40.735 136.520 24.418 1.000
dcp  -41.685 143.801 29.670 1.000
dcp  -44.121 151.216 35.872 1.000
dcp  -44.797 158.900 41.495 1.000
dcp  -43.531 158.387 43.815 1.000
dcp  -45.127 161.505 44.298 0.500
dcp  -44.874 163.554 44.074 1.000
dcp  -44.616 164.226 42.142 0.500
dcp  -42.620 166.536 42.371 1.000
dcp  -39.263 170.859 37.723 1.000
dcp  -38.358 175.143 32.734 0.500
dcp  -35.321 176.559 31.820 0.500
dcp  -33.931 179.138 32.708 0.500
dcp  -35.274 184.305 32.967 0.500
dcp  -36.179 187.193 34.368 1.000
dcp  -35.994 193.348 35.628 0.500
dcp  -35.096 195.422 36.081 0.500
dcp  -33.134 195.785 36.598 0.500
dcp  -30.930 197.916 37.375 0.500
ne   -31.466 198.494 37.310 0.250
bp   -7.191 84.304 -9.584 2.750
dcp  -6.296 85.549 -9.743 1.500
dcp  -5.632 86.410 -9.484 0.500
dcp  -1.880 94.504 -4.033 1.000
dcp  2.878 102.515 -3.782 0.500
dcp  6.627 108.953 -3.437 1.000
dcp  10.645 118.551 -3.186 1.000
dcp  12.915 129.264 -1.680 0.750
dcp  16.168 136.573 -0.063 1.000
dcp  18.565 150.104 -0.536 1.000
dcp  19.795 162.263 -4.555 1.000
dcp  21.875 169.577 -4.774 1.000
dcp  24.978 171.576 -5.865 0.500
dcp  27.173 175.634 -6.167 0.500
dcp  30.467 179.928 -6.692 0.500
dcp  33.758 187.807 -7.071 0.500
dcp  37.249 196.607 -12.474 0.250
dcp  39.710 200.513 -12.469 0.500
dcp  45.031 207.132 -14.827 1.000
dcp  51.479 211.794 -17.910 0.500
dcp  57.197 216.667 -26.581 0.500
dcp  61.432 213.401 -35.758 1.000
dcp  67.155 214.966 -37.297 1.000
ne   70.878 218.909 -37.758 1.000
dcp  -7.356 85.882 -11.516 2.500
dcp  -8.325 92.878 -12.511 2.750
dcp  -9.109 98.030 -13.154 1.500
dcp  -9.104 104.652 -13.956 1.500
dcp  -8.951 111.068 -13.968 2.250
bp   -9.309 116.142 -13.998 2.500
dcp  -9.301 116.697 -13.934 3.000
bp   -7.841 120.964 -15.943 2.000
dcp  -6.829 121.160 -17.745 2.000
dcp  -6.677 122.059 -19.677 1.000
dcp  -4.052 127.420 -25.421 1.000
dcp  -0.473 131.572 -30.552 1.000
dcp  2.314 141.699 -38.564 1.500
dcp  3.797 147.907 -43.712 1.000
dcp  4.343 151.472 -47.317 1.500
bp   8.312 158.563 -53.574 1.500
dcp  9.883 160.123 -58.451 1.000
dcp  12.082 164.459 -65.966 0.500
dcp  14.729 173.969 -72.529 1.000
dcp  17.816 174.857 -73.749 0.500
dcp  18.491 179.860 -77.160 1.500
dcp  21.894 182.551 -79.393 0.500
dcp  25.167 188.491 -80.514 1.000
dcp  27.784 194.124 -81.829 1.500
dcp  28.114 199.519 -83.726 0.500
dcp  28.459 206.300 -88.827 1.500
dcp  29.597 212.900 -92.462 1.000
dcp  32.261 219.934 -99.042 1.500
dcp  36.007 226.095 -105.976 1.500
dcp  42.918 235.938 -109.136 1.000
dcp  46.764 244.076 -109.868 1.000
dcp  48.723 251.610 -109.057 0.500
dcp  49.100 255.372 -108.540 1.000
dcp  49.465 261.334 -108.552 1.000
dcp  50.334 266.981 -109.772 0.500
dcp  52.528 273.245 -107.754 1.500
dcp  55.981 278.992 -110.147 0.500
dcp  58.695 286.326 -112.540 1.000
dcp  61.971 293.095 -113.048 1.000
dcp  64.959 298.350 -114.057 0.500
dcp  70.623 307.888 -114.448 0.500
dcp  74.627 313.892 -113.313 0.500
dcp  78.271 319.178 -110.795 0.500
dcp  84.647 327.116 -113.006 1.000
dcp  89.630 330.543 -117.878 0.500
dcp  92.219 336.164 -121.013 1.000
dcp  91.966 343.769 -125.390 1.000
dcp  93.984 349.124 -127.140 0.500
dcp  95.463 356.434 -127.248 0.750
dcp  97.512 361.527 -127.726 0.500
dcp  102.717 365.334 -125.254 0.500
dcp  105.847 368.448 -123.365 0.500
dcp  110.083 371.251 -122.796 0.500
dcp  113.210 372.157 -119.346 1.000
dcp  116.086 373.223 -117.232 0.500
dcp  120.460 374.435 -116.551 0.500
dcp  123.921 379.359 -116.705 1.000
dcp  129.757 379.873 -116.006 0.500
dcp  133.552 381.643 -116.178 0.500
ne   138.472 384.213 -121.422 0.500
dcp  8.284 159.654 -54.233 0.500
dcp  9.429 168.739 -52.150 0.500
dcp  10.602 175.630 -50.567 0.500
dcp  9.498 186.149 -49.903 0.750
dcp  9.578 191.428 -49.803 1.000
dcp  9.783 202.833 -48.203 1.000
dcp  10.460 209.769 -49.841 0.750
dcp  11.797 210.944 -50.419 1.000
dcp  14.137 213.966 -50.544 1.000
dcp  15.862 220.287 -49.927 0.500
dcp  15.432 227.535 -50.246 0.500
dcp  16.887 234.557 -52.721 0.500
dcp  18.224 242.629 -53.552 1.000
dcp  18.170 249.224 -54.113 0.500
dcp  21.068 254.713 -56.152 0.500
dcp  22.441 261.146 -57.420 1.000
dcp  22.813 267.664 -57.368 0.500
dcp  21.506 271.192 -57.544 0.500
dcp  21.651 278.156 -56.462 1.000
dcp  21.364 282.159 -55.043 1.000
dcp  20.212 288.794 -58.712 0.500
dcp  23.186 289.354 -59.997 1.000
dcp  22.827 290.289 -64.120 1.000
dcp  19.694 293.242 -66.875 1.000
dcp  17.157 294.266 -67.635 0.500
ne   15.624 294.654 -66.927 0.500
dcp  -8.549 121.186 -15.831 2.000
dcp  -9.909 128.827 -15.555 2.250
dcp  -9.083 135.556 -16.404 2.000
dcp  -6.803 133.034 -18.206 1.500
dcp  -6.787 139.937 -19.491 1.750
dcp  -6.579 146.654 -19.198 2.000
dcp  -5.426 155.467 -21.543 2.000
dcp  -4.049 162.730 -22.198 2.500
dcp  -3.293 168.047 -23.483 1.500
dcp  -2.923 170.151 -24.190 2.500
bp   -3.953 173.808 -24.544 2.750
dcp  -5.814 174.596 -23.354 1.000
dcp  -6.043 178.351 -18.843 0.500
dcp  -9.296 186.764 -15.315 1.000
dcp  -13.040 192.466 -14.544 0.500
dcp  -13.221 196.243 -13.125 1.000
dcp  -14.121 196.376 -11.258 1.500
dcp  -15.489 204.289 -6.553 0.750
dcp  -14.066 212.400 -5.806 1.500
dcp  -13.508 221.488 -4.642 1.000
dcp  -13.187 229.636 -3.123 0.500
dcp  -11.218 238.279 1.698 0.500
dcp  -9.720 246.149 4.506 0.750
dcp  -6.183 254.143 6.011 1.000
dcp  -6.036 265.521 7.853 0.750
dcp  -6.638 273.791 5.538 1.000
ne   -6.836 287.215 3.386 1.500
dcp  -4.098 174.844 -24.720 2.000
dcp  -2.133 177.416 -25.764 1.750
dcp  -1.769 184.757 -27.950 1.750
dcp  -1.398 193.757 -28.911 1.500
dcp  -2.044 196.215 -30.601 3.000
dcp  -2.063 204.757 -31.451 1.000
dcp  -1.851 210.097 -32.865 1.500
dcp  -3.158 213.625 -33.042 1.750
dcp  -1.568 225.124 -36.271 1.500
dcp  -3.484 233.885 -37.815 2.000
dcp  -3.917 240.304 -38.746 1.500
dcp  -3.252 246.958 -39.901 2.000
bp   -2.617 251.392 -41.316 2.000
dcp  -2.336 252.351 -40.880 0.500
dcp  -1.234 254.519 -39.332 0.500
dcp  -2.679 258.259 -37.447 1.000
dcp  -4.550 264.558 -37.188 0.750
dcp  -5.327 268.886 -35.593 1.000
dcp  -2.783 272.003 -34.622 1.000
dcp  0.192 279.183 -32.828 1.000
dcp  3.035 284.095 -31.840 0.750
dcp  5.159 290.326 -32.430 1.000
dcp  9.005 299.843 -35.336 1.000
dcp  10.576 309.127 -35.974 0.500
dcp  10.833 312.005 -35.586 0.500
dcp  14.179 319.082 -36.818 0.500
dcp  14.103 324.012 -37.573 0.500
dcp  14.339 329.915 -39.953 1.000
dcp  15.805 337.219 -42.911 0.750
dcp  16.362 341.892 -42.505 1.500
dcp  18.182 345.499 -43.725 1.000
dcp  19.144 351.741 -43.302 1.000
dcp  19.744 357.813 -44.281 1.000
dcp  19.808 361.980 -44.311 0.750
dcp  20.163 370.973 -44.242 0.500
dcp  19.762 377.130 -43.901 1.500
dcp  20.049 381.126 -44.414 1.000
dcp  22.507 384.203 -45.022 0.500
dcp  24.807 388.034 -45.323 1.000
dcp  25.362 389.396 -44.517 0.500
dcp  29.015 399.927 -44.507 1.000
dcp  31.480 404.938 -47.224 0.750
dcp  33.691 409.003 -48.556 1.500
dcp  34.345 414.273 -50.388 0.500
dcp  34.319 419.778 -50.289 0.500
dcp  35.220 422.681 -49.224 0.500
dcp  35.273 427.671 -47.611 0.500
dcp  34.033 436.196 -47.205 0.500
dcp  36.324 445.539 -48.438 1.000
dcp  39.597 450.376 -50.719 1.000
dcp  43.172 454.525 -51.969 1.000
dcp  45.761 460.146 -55.103 1.500
dcp  45.774 466.221 -57.001 0.500
dcp  46.378 472.295 -61.860 1.000
dcp  45.301 476.206 -62.455 0.500
dcp  47.380 486.003 -63.688 0.500
dcp  48.885 494.980 -67.482 0.500
dcp  52.608 500.026 -66.783 1.000
dcp  55.427 505.754 -67.003 0.500
ne   58.872 513.153 -67.140 0.500
dcp  -2.969 252.607 -42.040 1.500
dcp  -3.660 258.629 -44.373 2.000
dcp  -4.749 263.638 -46.658 1.000
dcp  -5.293 266.143 -47.801 1.500
dcp  -4.587 268.403 -48.926 1.500
dcp  -5.684 273.960 -50.116 2.250
dcp  -4.841 277.112 -52.143 1.000
bp   -4.722 281.581 -51.867 2.000
dcp  -3.803 282.285 -54.152 1.000
dcp  -4.872 286.752 -54.682 1.000
dcp  -4.768 297.283 -58.123 1.500
dcp  -4.200 303.616 -60.374 0.750
dcp  -6.606 308.287 -62.500 1.750
dcp  -5.899 318.822 -66.053 2.000
dcp  -6.243 326.386 -68.127 1.000
dcp  -5.472 333.917 -68.122 1.000
dcp  -4.850 339.173 -67.893 1.500
dcp  -3.661 347.175 -66.181 1.000
dcp  -3.408 349.224 -66.405 1.500
bp   -2.230 353.635 -67.690 2.000
dcp  -3.383 354.201 -66.612 0.750
dcp  -4.295 357.085 -71.942 1.500
dcp  -6.161 361.180 -77.884 1.500
dcp  -3.828 364.199 -84.740 1.000
dcp  -4.752 367.906 -88.427 1.000
dcp  -4.340 372.788 -92.692 1.000
dcp  -5.616 377.709 -97.103 1.000
dcp  -6.251 381.827 -101.450 1.000
dcp  -7.327 384.635 -103.205 1.000
dcp  -8.549 388.479 -105.137 1.000
dcp  -8.914 392.998 -105.232 0.750
dcp  -9.570 398.485 -106.840 1.000
dcp  -8.774 402.166 -112.441 1.000
dcp  -9.001 402.888 -114.744 0.500
dcp  -3.724 404.797 -115.317 1.000
dcp  -4.603 405.490 -125.028 0.500
dcp  -7.786 408.420 -135.305 1.000
dcp  -5.391 412.295 -141.790 1.500
dcp  -1.686 414.850 -149.660 1.000
dcp  0.674 419.261 -156.869 1.000
dcp  2.951 424.460 -165.045 1.500
dcp  2.016 428.438 -174.916 0.500
dcp  3.442 429.654 -177.796 0.500
dcp  3.481 430.224 -179.793 1.000
dcp  3.652 431.959 -182.143 1.000
dcp  6.869 433.459 -187.662 1.000
dcp  6.951 435.428 -191.043 0.500
dcp  4.974 440.851 -191.944 0.500
dcp  4.065 445.668 -195.502 0.500
dcp  4.408 448.862 -196.869 0.500
dcp  4.425 453.284 -197.140 1.000
dcp  3.074 458.171 -200.279 1.000
dcp  2.041 460.999 -201.245 1.000
dcp  1.007 466.585 -206.558 1.000
dcp  1.697 469.942 -205.493 0.750
dcp  3.097 477.766 -207.114 0.750
dcp  3.894 486.689 -207.462 1.000
dcp  5.188 496.119 -211.257 1.000
dcp  4.165 501.711 -213.719 0.500
dcp  4.059 511.592 -218.320 0.250
dcp  5.299 518.239 -221.407 1.000
dcp  3.759 526.348 -223.192 1.000
dcp  4.056 534.210 -224.041 0.500
dcp  6.558 541.997 -226.434 1.000
dcp  8.210 555.456 -228.133 1.000
dcp  6.471 561.541 -226.054 0.500
dcp  8.409 570.720 -225.838 1.500
dcp  8.938 577.587 -224.932 1.000
dcp  11.508 582.372 -227.648 1.000
dcp  11.977 582.590 -229.580 0.500
dcp  14.083 584.400 -229.899 1.000
dcp  14.635 591.829 -229.959 1.000
dcp  12.136 594.526 -231.555 1.000
dcp  11.454 597.518 -233.970 1.000
dcp  9.717 601.397 -234.211 1.000
dcp  8.542 606.090 -234.742 0.500
dcp  3.237 613.271 -233.922 0.750
dcp  -0.517 616.486 -234.988 0.500
ne   -3.332 618.483 -234.410 0.500
dcp  -1.628 354.743 -66.642 1.500
bp   -1.336 357.086 -65.529 1.500
dcp  -1.759 357.992 -65.529 1.000
dcp  -4.137 360.194 -64.822 0.500
dcp  -8.195 362.163 -68.691 0.500
dcp  -9.912 363.293 -69.497 1.000
dcp  -11.515 364.753 -70.239 1.000
dcp  -15.202 367.447 -72.641 1.000
dcp  -17.592 370.746 -73.624 0.500
dcp  -18.883 373.178 -75.992 1.000
dcp  -20.254 378.607 -80.886 1.000
dcp  -21.862 382.823 -82.093 1.000
dcp  -24.018 386.231 -84.043 0.500
dcp  -26.197 390.456 -87.199 1.000
dcp  -28.212 394.206 -87.264 1.000
dcp  -31.059 397.567 -86.798 1.000
dcp  -34.915 400.734 -88.411 0.750
dcp  -36.320 403.941 -89.683 1.000
dcp  -38.389 407.666 -93.388 0.500
dcp  -44.224 413.220 -98.834 0.500
dcp  -47.341 415.904 -99.287 1.000
dcp  -50.915 418.651 -98.291 1.000
dcp  -54.496 420.016 -101.853 1.000
dcp  -56.131 421.736 -103.867 0.500
dcp  -58.618 424.714 -105.946 0.500
dcp  -60.742 427.861 -106.623 1.000
dcp  -62.742 431.618 -107.718 0.500
dcp  -63.943 434.919 -107.895 1.000
dcp  -66.208 438.828 -109.297 0.500
dcp  -67.688 442.000 -109.297 0.500
dcp  -69.837 448.170 -108.861 0.500
dcp  -70.995 450.389 -109.409 0.500
dcp  -69.873 459.463 -113.026 0.500
dcp  -68.875 465.445 -115.212 0.500
dcp  -69.999 469.610 -116.049 1.000
dcp  -72.682 472.773 -115.825 0.500
dcp  -77.399 478.848 -115.247 1.000
dcp  -81.007 478.821 -118.456 0.500
ne   -80.532 483.180 -120.176 1.000
dcp  -1.333 357.915 -64.917 1.500
dcp  1.377 365.247 -63.429 1.500
dcp  1.698 372.293 -63.071 1.000
dcp  3.777 382.089 -64.303 1.500
dcp  5.423 388.926 -65.200 1.000
dcp  6.428 396.566 -66.161 1.500
dcp  7.691 403.500 -66.881 1.750
dcp  8.623 410.003 -67.730 1.500
bp   9.540 412.913 -67.695 1.500
dcp  11.096 413.087 -69.369 1.000
dcp  15.337 413.134 -68.333 1.000
dcp  19.113 412.964 -69.247 0.500
dcp  23.528 418.884 -66.469 1.000
dcp  25.221 425.190 -63.791 0.500
dcp  25.980 431.061 -61.130 0.500
dcp  25.512 437.739 -59.453 1.000
dcp  22.977 442.074 -60.613 0.500
dcp  23.976 445.574 -61.785 1.000
dcp  24.474 450.495 -64.472 0.500
dcp  27.411 455.175 -66.334 1.000
dcp  29.374 463.814 -68.244 0.500
dcp  31.885 468.295 -67.386 0.500
dcp  37.295 470.266 -69.472 1.000
dcp  40.843 473.024 -70.369 0.500
dcp  44.156 475.673 -70.299 0.500
dcp  48.892 479.536 -69.229 1.000
dcp  51.153 483.625 -63.041 1.000
dcp  54.310 486.752 -59.332 0.500
dcp  56.163 492.857 -53.014 0.500
dcp  59.143 498.660 -52.928 1.000
ne   60.618 505.140 -53.647 0.500
dcp  9.915 413.364 -66.777 1.000
dcp  11.020 423.534 -68.204 1.500
dcp  11.235 432.185 -70.019 1.000
dcp  13.446 443.147 -71.605 1.500
dcp  15.827 451.153 -72.968 0.750
dcp  16.369 454.716 -72.691 1.500
dcp  16.387 456.655 -71.950 1.750
dcp  17.488 461.306 -71.415 1.000
dcp  18.232 466.066 -68.883 1.500
bp   20.197 468.638 -69.926 2.750
dcp  20.959 468.717 -69.732 1.000
dcp  22.761 469.006 -69.521 1.000
dcp  25.484 471.931 -69.822 0.500
dcp  30.623 476.534 -69.347 2.000
dcp  35.620 480.519 -67.424 0.500
dcp  39.211 483.297 -67.531 0.500
dcp  42.156 489.635 -68.169 2.000
dcp  46.958 495.460 -69.449 1.000
dcp  51.217 498.826 -69.845 1.000
dcp  55.437 501.897 -71.578 0.500
dcp  58.563 505.561 -72.475 0.500
dcp  61.982 507.983 -72.406 0.500
dcp  65.358 511.764 -75.299 1.000
dcp  69.066 517.079 -76.902 0.500
dcp  71.094 518.301 -79.895 0.500
dcp  73.978 520.197 -81.050 1.000
dcp  77.362 524.534 -83.879 0.750
dcp  80.706 528.300 -84.711 0.500
dcp  84.900 529.980 -86.090 0.500
dcp  88.478 534.958 -86.728 1.000
dcp  92.349 534.281 -87.159 0.500
dcp  94.020 538.094 -89.168 0.500
dcp  97.588 540.310 -88.310 0.500
dcp  101.676 542.216 -89.689 0.250
dcp  104.681 544.996 -90.715 1.000
dcp  109.424 549.691 -92.914 0.500
dcp  114.752 552.451 -95.966 0.500
dcp  119.038 555.829 -94.543 0.500
dcp  124.043 561.749 -94.728 0.500
dcp  126.513 562.625 -94.805 0.500
dcp  128.993 567.367 -95.219 1.000
dcp  132.035 574.027 -94.761 0.500
dcp  133.393 577.970 -93.985 0.500
dcp  135.685 584.832 -94.204 1.000
dcp  137.157 588.001 -94.523 1.000
dcp  136.539 595.988 -92.474 1.000
dcp  134.412 598.306 -93.764 1.000
dcp  136.935 601.965 -94.548 1.000
dcp  139.136 611.543 -96.812 0.500
dcp  146.843 615.136 -97.639 0.500
dcp  150.528 610.786 -100.343 0.500
ne   154.423 607.086 -101.886 0.500
dcp  20.669 469.410 -67.912 1.500
dcp  19.371 471.011 -67.011 0.500
dcp  21.104 484.784 -66.584 0.750
dcp  23.435 497.732 -66.881 0.500
dcp  25.918 505.786 -67.695 1.500
dcp  27.141 514.632 -67.432 1.000
dcp  27.998 519.997 -68.169 1.000
dcp  31.130 527.801 -68.854 1.500
dcp  31.994 536.204 -70.540 1.000
dcp  33.053 544.145 -71.195 0.750
dcp  35.564 550.006 -72.510 0.500
dcp  38.067 556.414 -72.729 0.500
dcp  39.177 556.931 -73.436 0.500
dcp  41.142 566.399 -74.734 0.500
dcp  42.464 573.360 -75.695 0.500
dcp  44.439 580.901 -75.914 0.500
dcp  46.066 586.901 -76.393 0.500
dcp  46.022 589.363 -78.195 0.500
dcp  48.683 599.431 -77.962 0.500
dcp  52.424 607.796 -78.694 0.500
dcp  52.345 609.414 -79.048 0.750
dcp  54.561 618.447 -75.675 0.500
dcp  57.403 625.565 -72.367 0.500
dcp  57.345 625.537 -72.126 0.500
dcp  57.743 625.172 -70.000 0.500
dcp  58.903 628.471 -67.533 0.250
dcp  61.453 633.246 -65.338 0.500
dcp  62.196 639.109 -61.646 0.500
dcp  65.819 641.626 -60.481 0.500
dcp  67.385 644.287 -60.317 1.000
dcp  69.045 646.441 -59.670 0.500
dcp  68.996 651.383 -58.605 0.500
dcp  69.791 655.616 -56.380 0.500
dcp  72.714 657.806 -56.198 0.500
dcp  72.372 661.508 -55.085 0.500
dcp  74.321 665.176 -53.938 0.500
dcp  76.700 668.492 -52.726 0.500
dcp  77.244 675.090 -49.517 0.500
dcp  77.331 680.923 -49.353 1.000
dcp  76.320 686.520 -48.965 0.500
dcp  76.334 690.113 -49.849 0.500
dcp  72.402 695.727 -51.203 0.500
dcp  69.286 698.412 -51.656 0.500
dcp  66.626 702.136 -52.398 0.500
ne   66.414 702.590 -52.398 0.500
dcp  -5.735 282.488 -48.904 1.000
dcp  -6.945 287.440 -46.826 1.000
dcp  -7.218 293.657 -44.117 1.000
bp   -5.770 298.470 -41.150 1.500
dcp  -5.438 298.901 -41.021 1.000
dcp  -1.261 301.676 -40.210 0.500
dcp  1.787 304.477 -40.446 0.500
dcp  4.277 313.086 -41.196 0.750
dcp  5.738 315.973 -41.032 0.500
dcp  9.240 323.400 -41.411 0.500
dcp  12.257 326.185 -39.587 0.500
dcp  15.058 329.974 -40.548 0.500
dcp  16.866 333.300 -41.285 0.500
dcp  18.737 337.482 -41.651 1.000
dcp  20.609 338.080 -42.164 1.000
dcp  22.167 342.668 -43.078 0.750
dcp  23.608 346.098 -44.669 0.500
dcp  26.130 352.240 -46.467 1.000
dcp  27.082 355.994 -47.881 0.500
dcp  30.356 360.830 -50.162 1.000
dcp  31.033 367.766 -51.800 0.500
dcp  32.741 376.838 -54.499 1.750
dcp  35.729 383.472 -57.681 1.000
dcp  38.309 390.744 -58.561 0.750
dcp  39.555 392.153 -60.169 1.000
dcp  42.739 398.327 -62.320 1.000
dcp  43.400 405.255 -62.928 1.000
dcp  43.983 411.596 -66.209 1.000
dcp  45.806 418.790 -71.164 0.500
dcp  48.302 422.437 -73.768 1.000
dcp  49.055 426.926 -75.665 0.750
dcp  51.250 429.880 -77.127 0.500
dcp  53.561 437.578 -77.765 0.500
dcp  53.796 445.687 -77.825 0.500
dcp  55.212 450.761 -76.130 2.000
dcp  53.868 457.030 -74.711 1.000
dcp  57.807 460.246 -75.719 0.500
dcp  62.430 462.678 -75.874 0.500
dcp  69.814 465.293 -77.926 0.500
dcp  74.801 466.791 -77.840 0.500
dcp  78.150 468.905 -77.046 0.500
dcp  81.759 476.380 -80.758 0.500
dcp  83.118 478.118 -82.302 0.500
dcp  83.369 478.234 -84.298 0.500
dcp  85.611 480.935 -85.518 0.500
dcp  86.797 485.902 -86.738 0.500
dcp  88.170 492.335 -88.006 1.000
dcp  91.398 496.322 -91.688 0.500
dcp  94.638 505.005 -95.094 0.500
dcp  99.033 511.744 -97.405 1.000
dcp  101.053 513.514 -99.302 0.500
dcp  101.577 515.413 -103.101 0.500
dcp  104.441 517.852 -106.012 0.750
dcp  105.800 522.071 -108.569 0.500
dcp  109.602 525.775 -110.849 1.000
dcp  115.652 526.942 -112.871 0.500
ne   119.707 533.522 -110.883 0.500
dcp  -6.216 298.814 -40.184 1.000
dcp  -5.285 305.041 -37.700 1.000
dcp  -5.872 312.767 -34.379 0.500
dcp  -6.577 324.299 -33.762 1.000
dcp  -8.673 334.356 -32.874 0.500
dcp  -8.308 340.318 -32.887 0.750
dcp  -8.868 349.436 -29.919 1.000
dcp  -10.248 357.344 -28.065 1.000
dcp  -11.813 367.096 -26.564 0.750
dcp  -13.161 373.640 -24.598 1.000
dcp  -15.814 379.023 -24.115 1.500
dcp  -18.851 386.433 -17.801 1.000
dcp  -21.659 395.606 -14.080 0.750
dcp  -24.466 404.779 -10.358 1.000
dcp  -27.311 410.073 -8.120 1.000
dcp  -29.255 412.752 -6.736 1.500
dcp  -29.363 417.667 -5.429 1.500
dcp  -28.918 426.426 -4.329 1.500
dcp  -30.599 435.021 -3.505 1.000
dcp  -33.167 441.823 -3.617 0.500
dcp  -35.930 450.189 -3.600 0.750
dcp  -35.526 455.342 -3.436 1.000
dcp  -35.678 462.995 -7.265 1.500
dcp  -34.775 471.692 -7.614 1.000
dcp  -36.018 486.560 -11.408 1.750
dcp  -34.688 494.076 -12.305 1.500
dcp  -35.717 503.526 -14.073 1.000
dcp  -38.070 510.705 -13.572 1.000
dcp  -37.110 516.117 -13.762 1.000
dcp  -37.611 524.435 -15.530 1.000
dcp  -34.787 528.510 -14.123 0.750
dcp  -34.618 534.658 -11.833 1.000
dcp  -35.288 539.034 -13.571 1.500
dcp  -36.165 541.108 -14.843 1.500
dcp  -33.481 544.842 -15.322 1.500
dcp  -32.333 548.136 -15.705 0.750
dcp  -30.109 556.897 -16.761 0.500
dcp  -28.545 564.522 -18.624 1.000
dcp  -27.118 572.360 -18.425 1.000
dcp  -27.446 579.654 -18.196 1.000
dcp  -26.604 585.012 -17.903 0.500
dcp  -24.683 588.667 -18.575 0.500
dcp  -25.127 594.804 -19.023 1.000
dcp  -29.552 601.843 -15.160 1.000
dcp  -30.137 606.260 -15.319 0.500
dcp  -32.144 610.565 -15.319 1.000
dcp  -33.453 617.678 -15.349 0.500
bp   -35.903 624.535 -15.944 1.500
dcp  -35.853 625.110 -15.090 0.500
dcp  -36.781 627.436 -12.723 0.500
dcp  -41.364 630.540 -5.979 0.500
dcp  -43.363 632.918 -4.901 0.500
dcp  -44.722 636.698 -1.438 1.000
ne   -45.170 643.109 -1.339 0.500
dcp  -36.169 624.687 -16.250 1.000
dcp  -37.774 629.731 -16.845 1.000
dcp  -40.779 635.226 -18.247 0.500
dcp  -42.650 639.319 -20.308 1.000
dcp  -43.158 648.185 -20.981 0.500
dcp  -47.735 654.878 -21.852 0.500
dcp  -50.290 660.582 -20.273 0.500
dcp  -55.038 664.437 -19.955 0.500
ne   -59.463 673.131 -21.598 0.500
dcp  -10.666 116.613 -14.016 0.750
dcp  -14.334 119.867 -13.503 0.500
dcp  -20.423 123.924 -10.898 1.000
dcp  -27.281 127.346 -8.553 1.500
dcp  -30.667 129.077 -6.591 0.500
dcp  -32.325 137.683 -0.066 1.000
dcp  -31.708 146.522 4.190 0.750
dcp  -32.623 154.922 4.660 0.500
dcp  -33.864 159.033 4.307 1.000
dcp  -38.642 167.287 7.446 1.000
dcp  -40.394 176.677 10.154 1.000
dcp  -39.398 185.692 14.782 0.500
dcp  -40.248 189.709 20.983 0.500
dcp  -43.086 195.006 29.952 1.500
dcp  -47.688 197.549 33.781 0.750
dcp  -52.307 200.085 38.641 1.000
dcp  -54.283 204.956 44.407 0.750
dcp  -51.500 204.047 47.050 0.750
dcp  -51.573 208.151 52.415 1.000
dcp  -53.648 214.080 54.912 1.000
dcp  -56.883 218.915 57.262 1.500
dcp  -59.142 225.310 61.578 0.500
dcp  -60.415 230.509 64.446 1.000
dcp  -62.079 235.250 67.426 0.500
dcp  -63.062 238.378 70.647 1.000
ne   -65.015 243.811 75.447 0.500
mto  -4.902 -4.554 4.980 4.000
dcp  -6.636 -6.742 5.605 2.500
bp   -9.754 -10.954 5.406 2.500
dcp  -10.133 -11.131 5.036 1.750
bp   -10.612 -13.837 5.130 2.000
dcp  -10.413 -14.571 5.613 0.500
dcp  -12.138 -19.789 6.156 1.000
dcp  -11.104 -25.100 8.135 0.500
dcp  -9.927 -35.033 14.026 0.500
dcp  -7.003 -42.497 18.808 1.000
dcp  -5.187 -48.270 22.736 1.500
dcp  -2.202 -53.499 25.716 1.000
dcp  -2.468 -54.726 27.583 0.500
dcp  -1.816 -59.939 29.739 0.500
dcp  -1.971 -64.149 32.072 1.000
dcp  -1.875 -68.518 35.742 1.000
dcp  -2.229 -71.993 37.592 0.500
dcp  -1.903 -77.082 39.683 1.000
dcp  -2.154 -82.992 43.094 0.500
dcp  -1.191 -87.508 46.957 1.000
dcp  -0.340 -93.731 52.930 1.000
dcp  0.968 -100.017 57.453 0.500
dcp  2.026 -104.765 58.466 0.500
dcp  3.568 -109.563 59.851 1.000
dcp  2.773 -114.071 60.959 1.000
dcp  3.023 -121.127 62.550 1.000
dcp  0.237 -123.805 63.640 1.000
dcp  1.439 -129.589 64.830 1.000
dcp  2.919 -133.864 63.670 1.000
dcp  3.922 -138.913 64.377 1.000
dcp  6.411 -145.476 66.309 1.500
dcp  8.776 -152.649 68.659 0.500
dcp  11.491 -158.554 70.721 1.000
dcp  11.142 -165.062 76.369 1.000
dcp  9.261 -172.007 78.232 0.500
dcp  10.411 -173.954 83.208 0.500
dcp  8.108 -173.097 84.817 1.000
dcp  6.606 -172.142 91.289 1.000
dcp  5.479 -170.461 95.347 0.250
dcp  3.336 -169.805 100.595 1.000
dcp  3.762 -170.158 104.541 0.500
ne   6.327 -171.445 110.453 1.000
dcp  -10.777 -13.638 5.372 1.500
dcp  -14.645 -17.372 1.163 1.000
bp   -15.691 -20.067 -4.573 2.000
dcp  -16.727 -19.447 -3.978 1.000
dcp  -17.678 -17.132 -7.311 0.500
dcp  -19.527 -15.787 -9.938 1.000
dcp  -23.175 -12.523 -14.336 1.000
dcp  -25.854 -10.186 -22.487 0.500
dcp  -33.281 -8.409 -31.077 1.000
dcp  -36.701 -8.073 -35.493 1.500
dcp  -42.468 -13.520 -42.169 0.500
dcp  -42.859 -12.599 -44.230 0.500
dcp  -46.333 -16.150 -49.099 0.500
dcp  -47.821 -16.292 -55.430 0.750
dcp  -48.203 -11.505 -57.827 1.000
dcp  -49.709 -6.966 -61.820 0.500
dcp  -52.917 -2.945 -62.144 1.500
dcp  -53.759 1.352 -67.038 0.750
dcp  -60.863 4.935 -69.911 1.000
dcp  -66.962 6.504 -69.144 0.500
dcp  -72.134 6.575 -66.250 0.500
dcp  -78.929 6.993 -60.347 0.750
dcp  -82.740 6.319 -57.985 0.500
dcp  -87.092 -0.400 -54.885 0.500
dcp  -88.534 -1.348 -54.307 0.500
dcp  -88.679 -1.691 -52.310 0.500
dcp  -92.890 0.207 -49.754 1.000
dcp  -92.827 -1.695 -45.036 1.000
dcp  -96.009 -2.351 -40.965 1.000
dcp  -98.901 -3.700 -38.715 1.000
dcp  -103.227 -6.545 -36.982 1.500
dcp  -104.758 -9.741 -36.421 1.000
dcp  -106.869 -10.174 -34.395 1.000
dcp  -106.975 -9.947 -34.395 0.500
dcp  -106.732 -10.386 -36.456 0.500
dcp  -104.850 -12.266 -43.718 0.500
dcp  -105.606 -17.032 -49.100 0.500
ne   -104.982 -21.982 -52.097 1.500
dcp  -15.276 -20.425 -3.478 1.500
dcp  -16.501 -25.686 -3.594 0.750
dcp  -17.762 -37.032 -7.515 1.000
dcp  -17.736 -42.260 -10.947 1.000
dcp  -15.347 -50.801 -15.217 1.000
dcp  -13.796 -55.871 -18.261 1.000
dcp  -12.508 -67.959 -21.905 0.750
dcp  -12.212 -80.234 -28.659 1.000
dcp  -11.443 -86.220 -31.479 0.750
dcp  -12.296 -92.962 -32.450 1.000
dcp  -15.895 -94.916 -34.580 0.500
dcp  -19.515 -101.018 -35.892 0.500
dcp  -22.346 -108.130 -36.349 1.000
dcp  -26.898 -112.460 -39.239 1.000
dcp  -29.598 -113.443 -42.077 1.000
dcp  -35.204 -113.299 -46.528 0.500
dcp  -42.304 -111.092 -51.108 0.500
dcp  -47.397 -110.985 -53.368 1.000
dcp  -52.735 -114.853 -54.326 1.500
dcp  -55.360 -118.284 -57.422 0.500
dcp  -55.344 -119.380 -59.613 1.000
dcp  -55.889 -122.393 -62.675 0.500
dcp  -59.965 -123.466 -68.445 0.750
dcp  -62.205 -123.683 -72.119 1.000
dcp  -63.529 -126.782 -74.344 1.000
dcp  -65.515 -133.226 -75.815 1.000
dcp  -67.664 -135.055 -76.286 0.500
dcp  -74.533 -134.121 -75.777 1.500
ne   -77.953 -127.164 -77.114 0.500
dcp  -10.661 -9.998 5.036 1.500
dcp  -12.851 -8.812 6.709 1.000
dcp  -16.569 -7.512 8.541 0.750
dcp  -20.389 -6.259 9.826 0.500
bp   -20.671 -6.114 10.550 1.500
dcp  -21.253 -6.662 12.417 1.000
dcp  -27.388 -5.109 19.127 1.000
dcp  -31.341 -4.194 25.259 1.000
dcp  -33.651 -3.892 26.802 0.500
dcp  -37.483 -2.920 28.570 0.500
dcp  -40.908 -2.862 31.368 0.500
dcp  -45.623 -1.751 33.973 0.500
dcp  -49.376 -1.294 37.254 0.500
dcp  -53.414 -1.522 40.648 0.500
dcp  -62.518 3.888 45.520 1.000
dcp  -68.688 5.700 54.838 0.500
dcp  -71.759 10.060 60.280 0.500
dcp  -74.521 12.910 68.991 1.000
dcp  -72.131 17.335 74.213 1.000
dcp  -71.723 21.663 80.497 0.500
dcp  -71.483 25.636 83.076 1.000
dcp  -67.492 33.566 87.013 0.500
dcp  -66.210 34.164 89.463 0.500
dcp  -64.491 34.966 92.042 0.500
dcp  -62.263 34.901 96.199 0.500
dcp  -65.466 38.097 101.994 1.000
dcp  -64.447 39.675 104.750 0.500
dcp  -63.725 42.770 107.087 0.500
dcp  -64.772 48.626 110.085 0.500
dcp  -64.590 51.470 111.745 0.500
dcp  -64.326 54.903 112.198 0.500
dcp  -64.660 58.058 112.215 1.000
dcp  -64.908 62.631 111.638 0.500
dcp  -63.315 66.684 111.448 1.000
dcp  -61.746 71.278 113.385 1.000
dcp  -61.449 71.968 116.123 1.500
dcp  -60.560 66.314 120.099 1.000
ne   -58.146 63.577 120.116 0.500
dcp  -20.448 -6.286 10.067 0.500
dcp  -28.600 -4.019 13.780 1.000
dcp  -36.021 -1.135 13.081 0.500
dcp  -39.201 3.175 11.243 1.000
dcp  -44.516 10.351 9.212 0.750
dcp  -49.264 14.481 6.198 1.000
dcp  -54.316 18.194 4.874 0.500
dcp  -58.602 21.712 3.196 1.000
dcp  -61.949 24.013 3.161 1.000
dcp  -67.688 25.199 1.384 1.500
dcp  -74.371 28.979 -0.328 0.750
dcp  -79.704 31.733 -2.088 1.000
dcp  -83.301 34.193 -3.459 0.750
dcp  -87.004 36.880 -4.831 0.750
dcp  -91.727 37.712 -5.625 0.500
dcp  -94.731 40.725 -6.013 0.500
dcp  -98.524 44.473 -3.922 2.000
dcp  -101.574 52.981 0.701 1.000
dcp  -104.458 59.084 2.763 0.500
dcp  -108.006 63.223 3.405 0.500
dcp  -111.498 66.559 3.193 1.000
dcp  -111.954 71.036 5.401 0.500
dcp  -110.259 74.861 9.093 1.000
dcp  -104.842 74.353 14.751 0.500
dcp  -99.611 72.654 17.123 1.000
dcp  -97.167 70.760 19.573 0.500
dcp  -95.641 68.161 24.308 1.000
dcp  -92.693 65.674 28.883 0.750
dcp  -88.576 65.111 30.337 0.500
dcp  -85.948 62.750 30.966 0.500
dcp  -85.271 58.929 32.769 0.500
dcp  -84.101 56.716 36.167 0.500
dcp  -82.197 55.673 39.099 0.500
ne   -80.673 56.935 40.648 0.500
mto  1.409 -4.094 -11.294 0.750
dcp  1.409 -4.094 -11.294 0.750
bp   2.309 -5.329 -14.321 1.500
dcp  3.517 -5.593 -15.093 2.000
dcp  5.622 -1.026 -19.758 1.500
dcp  8.314 1.057 -22.492 2.000
bp   10.198 3.591 -28.995 1.000
dcp  14.525 5.057 -28.555 1.000
dcp  15.975 5.457 -30.228 0.500
dcp  21.386 4.118 -35.794 1.000
dcp  23.107 1.887 -40.029 1.000
dcp  26.430 -4.839 -46.454 1.000
dcp  29.408 -10.071 -50.206 1.000
dcp  32.936 -13.391 -55.937 0.750
dcp  35.930 -11.995 -57.640 0.500
dcp  42.964 -15.059 -64.043 1.000
dcp  46.713 -15.242 -66.777 0.500
dcp  47.584 -13.181 -68.144 1.000
dcp  50.833 -13.321 -70.217 1.000
dcp  55.690 -8.022 -75.685 0.500
dcp  57.542 -5.779 -76.793 1.000
dcp  61.747 -3.266 -85.322 1.000
dcp  60.601 -1.869 -87.513 1.000
dcp  62.481 0.938 -93.468 1.000
dcp  66.452 2.238 -102.191 0.750
dcp  68.857 2.808 -105.425 0.500
dcp  73.690 0.096 -117.499 0.500
dcp  74.127 -3.838 -121.462 1.000
ne   75.162 -9.975 -123.977 0.500
dcp  9.807 4.236 -27.723 0.750
dcp  10.502 5.112 -29.525 0.500
dcp  9.184 7.531 -33.712 1.000
bp   7.866 9.951 -37.900 2.000
dcp  8.824 9.846 -40.008 1.000
dcp  9.246 10.595 -45.515 1.000
dcp  10.750 12.675 -49.055 1.000
dcp  14.048 15.868 -54.622 2.000
dcp  16.713 19.594 -64.682 1.000
dcp  19.558 24.230 -74.854 1.000
dcp  20.961 26.539 -82.275 1.500
dcp  21.543 27.363 -87.476 1.000
dcp  21.243 26.947 -89.667 0.500
dcp  21.779 25.818 -97.429 1.000
dcp  27.343 24.550 -109.421 1.000
dcp  29.092 22.883 -118.502 1.000
dcp  27.415 26.790 -133.479 1.000
dcp  26.046 28.911 -141.853 1.000
dcp  25.048 31.480 -145.428 1.000
ne   27.206 33.037 -149.387 1.000
dcp  8.045 10.862 -38.012 1.000
dcp  7.724 13.195 -39.637 0.750
dcp  8.715 16.140 -40.875 1.500
dcp  8.260 20.893 -42.000 0.500
dcp  9.339 27.465 -45.394 1.000
dcp  9.763 33.731 -48.981 1.000
dcp  9.209 39.265 -50.042 1.000
dcp  8.176 42.094 -51.008 0.500
dcp  5.800 48.985 -52.875 0.500
dcp  4.344 52.720 -53.841 1.000
dcp  2.125 57.478 -53.841 1.000
dcp  -1.095 63.424 -51.361 1.000
dcp  -1.586 68.436 -49.878 0.500
dcp  -2.707 74.534 -48.942 0.500
dcp  -4.445 79.792 -51.357 0.500
dcp  -8.658 85.551 -51.986 0.500
dcp  -10.412 91.629 -48.877 0.500
dcp  -11.709 97.920 -50.550 1.000
dcp  -15.038 103.540 -52.016 0.500
dcp  -17.578 109.252 -51.469 0.500
dcp  -17.318 111.856 -51.628 0.500
ne   -17.499 115.633 -50.209 0.500
dcp  2.782 -6.763 -14.627 1.750
bp   1.533 -9.829 -18.125 1.000
dcp  0.521 -11.128 -17.482 0.500
dcp  -2.966 -18.271 -21.467 0.500
dcp  -6.720 -24.159 -24.599 1.000
dcp  -11.549 -28.342 -30.645 0.500
dcp  -15.120 -31.110 -35.449 0.500
dcp  -22.999 -33.405 -39.952 1.000
dcp  -28.840 -39.163 -42.022 0.500
dcp  -32.122 -44.279 -43.140 1.000
dcp  -37.457 -53.388 -38.738 1.500
dcp  -44.345 -62.944 -33.210 0.500
dcp  -47.448 -72.942 -33.025 1.000
dcp  -47.932 -83.374 -33.289 1.000
dcp  -47.928 -90.544 -33.582 0.500
dcp  -45.287 -96.209 -33.582 0.250
dcp  -42.027 -102.964 -35.885 1.000
dcp  -40.557 -112.209 -37.869 1.000
dcp  -42.212 -117.118 -38.050 0.500
dcp  -47.397 -121.467 -38.767 1.000
dcp  -45.177 -129.810 -38.913 1.000
dcp  -47.088 -137.598 -39.483 0.500
dcp  -55.888 -145.011 -42.460 0.500
dcp  -58.705 -147.428 -42.641 1.000
ne   -61.767 -153.821 -41.520 1.000
dcp  1.768 -9.719 -19.091 0.500
dcp  -0.609 -16.069 -27.116 0.500
bp   -1.562 -17.065 -30.049 1.750
dcp  -2.708 -15.668 -32.239 1.000
dcp  -2.767 -14.316 -34.171 1.000
dcp  -5.116 -7.136 -37.552 1.000
dcp  -6.760 -2.386 -39.484 0.500
dcp  -10.543 4.401 -42.222 1.000
dcp  -13.510 12.672 -43.300 1.000
dcp  -13.783 20.544 -46.098 0.500
dcp  -14.717 28.384 -48.543 1.000
dcp  -15.877 33.084 -50.104 1.000
dcp  -16.864 38.141 -51.842 0.500
dcp  -19.943 43.877 -55.305 0.500
dcp  -20.860 49.242 -57.767 1.000
dcp  -21.566 54.154 -60.229 1.000
dcp  -20.545 60.699 -63.381 1.500
dcp  -21.321 65.302 -65.119 1.000
dcp  -21.820 72.517 -68.047 0.500
dcp  -20.087 78.566 -71.858 1.000
dcp  -19.716 87.566 -72.820 0.500
dcp  -21.125 91.323 -76.877 0.750
ne   -26.660 98.672 -82.307 1.000
dcp  -2.004 -18.098 -30.790 1.500
dcp  -1.683 -19.052 -31.338 0.500
dcp  -4.539 -28.659 -32.602 1.500
dcp  -4.894 -38.755 -33.832 1.000
dcp  -5.228 -43.600 -34.720 0.750
dcp  -4.563 -53.220 -34.354 1.000
dcp  -4.354 -63.881 -33.699 1.000
dcp  -4.745 -72.338 -34.492 1.000
dcp  -4.666 -83.059 -36.205 0.750
dcp  -4.324 -93.658 -37.063 1.000
dcp  -3.427 -98.481 -36.356 1.000
dcp  0.936 -114.376 -41.497 1.000
dcp  1.947 -118.870 -40.725 0.500
dcp  2.689 -133.144 -42.938 1.000
dcp  2.509 -148.675 -46.811 0.500
dcp  3.053 -150.904 -49.001 1.000
dcp  4.171 -157.830 -50.549 1.000
dcp  7.392 -165.156 -50.856 0.500
dcp  10.220 -170.457 -52.063 2.000
dcp  17.353 -175.958 -53.024 1.000
dcp  19.940 -180.820 -52.170 1.000
ne   18.327 -184.606 -50.403 0.500
mto  1.341 -11.021 -3.036 1.000
dcp  1.922 -16.267 -3.489 0.500
dcp  4.294 -22.609 -4.408 1.750
dcp  4.279 -31.719 -5.443 1.500
dcp  2.981 -39.220 -6.608 2.000
dcp  2.417 -53.551 -9.144 1.000
bp   2.478 -57.109 -9.532 1.750
dcp  1.450 -58.416 -7.859 1.000
dcp  -0.088 -70.167 -8.269 1.000
dcp  -0.190 -85.937 -13.962 0.750
dcp  0.585 -102.403 -20.556 1.000
dcp  -1.883 -116.242 -19.358 1.000
dcp  -3.283 -124.067 -17.737 1.000
dcp  -1.551 -133.466 -15.533 0.750
dcp  1.023 -145.506 -13.942 1.000
dcp  2.196 -153.234 -16.345 1.500
dcp  -1.985 -156.839 -17.768 1.500
dcp  0.202 -161.612 -15.707 1.500
dcp  5.404 -168.013 -12.580 1.000
dcp  14.053 -171.428 -14.231 0.750
dcp  21.466 -174.867 -13.597 1.000
dcp  26.647 -177.141 -12.079 0.500
dcp  30.378 -182.297 -7.874 1.500
dcp  33.252 -184.543 -5.360 1.000
dcp  32.209 -193.580 -6.896 1.000
dcp  34.564 -197.999 -1.130 0.500
ne   35.031 -210.470 -1.393 1.000
dcp  2.587 -57.610 -10.080 0.750
dcp  3.607 -63.479 -14.897 1.500
dcp  2.259 -72.382 -21.409 1.500
dcp  4.088 -79.529 -26.950 1.500
dcp  6.307 -84.011 -30.283 0.500
dcp  12.380 -86.420 -37.364 1.000
dcp  12.623 -86.859 -39.425 1.000
dcp  14.515 -87.632 -42.676 0.500
dcp  18.475 -93.509 -50.662 0.500
dcp  20.633 -100.778 -60.020 1.750
dcp  23.214 -110.332 -67.205 1.500
dcp  21.599 -115.223 -77.209 0.500
dcp  18.454 -126.068 -82.307 1.000
dcp  18.700 -133.401 -87.995 1.000
dcp  22.203 -141.698 -93.519 1.000
dcp  19.435 -147.678 -96.939 1.000
dcp  18.442 -147.865 -100.049 1.500
dcp  17.151 -145.157 -105.749 0.500
ne   17.136 -145.992 -109.212 0.500
mto  -1.340 2.624 7.693 2.000
dcp  -1.415 2.313 12.299 1.750
bp   -1.913 5.391 15.891 1.500
dcp  -3.731 4.819 20.043 1.000
dcp  -7.383 4.771 30.539 2.000
dcp  -8.818 5.481 32.342 1.000
bp   -9.314 5.250 32.454 1.000
dcp  -8.928 5.982 32.889 1.000
dcp  -13.432 7.467 39.987 1.000
dcp  -19.179 7.546 44.812 0.500
dcp  -25.695 5.611 51.551 1.000
dcp  -31.683 3.646 59.451 1.000
dcp  -36.657 5.189 65.147 0.500
dcp  -40.591 6.664 74.194 1.500
dcp  -41.761 6.671 82.969 1.000
dcp  -41.409 7.662 86.014 1.000
dcp  -40.038 9.129 90.654 0.500
dcp  -40.160 10.451 92.845 0.500
dcp  -39.614 10.706 100.253 1.000
dcp  -39.741 14.508 105.312 1.500
dcp  -40.246 15.928 107.679 0.500
dcp  -41.961 20.921 114.298 0.500
dcp  -45.529 24.774 123.186 0.500
dcp  -48.200 26.839 125.100 0.500
dcp  -51.360 29.227 127.192 1.000
dcp  -53.931 33.821 128.641 0.500
dcp  -55.986 39.483 129.559 0.500
dcp  -56.664 43.029 131.090 1.000
dcp  -57.361 47.117 130.866 0.500
dcp  -60.046 53.864 131.237 1.000
dcp  -60.135 58.237 134.299 1.500
dcp  -57.557 61.922 137.154 0.250
dcp  -54.887 62.063 137.559 1.000
dcp  -52.405 63.220 136.999 0.500
dcp  -51.052 63.024 137.564 0.500
dcp  -49.532 62.078 140.673 1.500
dcp  -47.607 59.389 144.201 0.500
dcp  -45.561 53.999 147.711 0.500
dcp  -43.027 53.249 149.018 1.000
dcp  -39.373 54.402 150.294 1.000
ne   -37.054 52.173 149.829 0.500
dcp  -8.724 4.974 32.825 1.000
dcp  -9.583 1.815 35.882 0.750
dcp  -11.039 -3.002 40.677 0.500
dcp  -11.686 -7.993 45.907 1.000
dcp  -11.164 -12.439 50.189 0.500
dcp  -9.085 -18.917 50.478 1.000
dcp  -9.646 -23.317 50.620 0.500
dcp  -13.416 -28.661 56.346 1.000
dcp  -13.844 -33.550 61.642 1.500
dcp  -12.677 -38.798 62.107 1.500
dcp  -14.535 -45.457 66.337 1.000
dcp  -16.486 -52.987 72.257 1.000
dcp  -20.594 -62.351 70.976 1.000
dcp  -21.631 -67.248 69.652 1.000
dcp  -21.515 -72.987 70.583 1.000
dcp  -23.612 -79.481 76.327 2.000
dcp  -25.885 -83.300 78.448 1.000
dcp  -28.209 -87.693 79.716 0.500
dcp  -29.450 -91.858 81.789 0.500
dcp  -29.504 -93.538 83.657 1.000
dcp  -31.012 -97.551 85.424 0.500
dcp  -31.428 -101.883 86.903 0.750
dcp  -30.996 -105.819 86.821 1.000
dcp  -30.908 -110.468 87.093 1.000
dcp  -30.105 -113.403 85.144 0.750
dcp  -29.857 -115.219 81.375 0.500
dcp  -30.080 -115.047 81.858 1.000
dcp  -29.174 -114.624 80.055 1.000
dcp  -27.179 -124.176 71.952 0.500
dcp  -25.272 -129.356 66.911 1.000
dcp  -28.098 -136.466 62.573 0.500
dcp  -30.814 -138.560 59.605 1.000
ne   -32.236 -140.602 54.111 0.500
dcp  -1.784 5.451 18.258 1.000
dcp  -1.478 11.111 21.820 0.500
dcp  -0.798 16.945 29.634 0.500
dcp  0.135 19.587 31.972 1.500
dcp  -1.285 21.407 33.904 0.500
dcp  -1.407 22.729 36.094 1.000
dcp  -1.863 28.033 42.796 1.000
dcp  -2.441 32.454 49.368 0.750
dcp  -1.817 36.054 55.103 0.500
dcp  -0.072 40.454 59.649 1.500
dcp  2.162 43.427 62.857 0.500
dcp  5.300 45.717 66.985 0.500
dcp  6.341 48.962 69.934 0.500
dcp  3.982 54.206 72.543 0.500
dcp  2.080 58.008 75.877 0.500
dcp  -0.226 63.278 82.125 1.000
dcp  0.291 68.484 85.687 1.000
dcp  0.144 73.932 90.151 1.000
dcp  -2.569 79.839 98.702 0.500
dcp  -1.245 82.939 100.927 1.000
dcp  -0.344 86.945 103.153 0.500
dcp  1.099 93.411 104.494 0.500
ne   3.064 102.327 109.863 1.000
mto  2.388 -10.533 0.379 1.000
dcp  4.114 -14.694 1.104 1.000
dcp  5.195 -19.155 4.484 1.000
dcp  6.037 -24.555 8.219 2.000
bp   6.199 -28.065 8.378 0.500
bp   5.569 -27.255 11.164 1.500
dcp  5.113 -28.296 11.453 1.500
dcp  4.316 -30.322 11.548 1.000
dcp  -2.448 -36.787 15.643 1.500
dcp  -6.007 -41.205 19.196 0.500
dcp  -10.177 -43.701 21.783 0.500
dcp  -12.593 -43.173 23.327 0.500
dcp  -17.070 -42.502 27.751 0.500
dcp  -21.730 -43.571 31.675 1.000
dcp  -25.633 -47.598 36.741 1.500
dcp  -29.719 -54.469 40.147 1.000
dcp  -33.169 -58.008 40.979 1.000
dcp  -37.371 -60.243 42.294 1.000
dcp  -39.145 -68.795 46.330 1.000
dcp  -43.753 -71.495 48.787 1.000
dcp  -46.880 -74.332 54.177 0.500
dcp  -47.772 -82.196 61.870 1.000
dcp  -49.495 -84.654 68.679 0.500
dcp  -51.555 -85.891 73.733 1.000
dcp  -53.435 -85.940 75.341 1.000
dcp  -52.758 -87.555 79.464 1.000
dcp  -56.047 -85.779 85.854 0.750
dcp  -58.411 -80.261 89.011 0.500
dcp  -57.377 -76.193 89.722 1.000
dcp  -58.660 -74.584 89.593 0.500
dcp  -57.055 -72.732 89.934 0.500
dcp  -56.083 -69.521 90.275 0.500
dcp  -54.419 -66.538 91.534 1.000
dcp  -55.361 -60.081 99.025 1.500
dcp  -56.682 -60.422 103.065 0.500
dcp  -56.259 -62.983 108.572 0.500
dcp  -54.717 -67.780 109.956 1.000
dcp  -51.388 -72.297 112.582 0.500
ne   -50.185 -79.459 115.946 0.500
dcp  5.773 -28.264 11.099 1.000
dcp  8.603 -28.323 15.144 0.500
dcp  12.261 -27.721 19.207 0.500
dcp  17.777 -29.011 24.800 1.500
dcp  20.428 -29.981 28.957 0.750
dcp  20.834 -29.792 31.148 1.500
dcp  18.552 -33.614 41.031 1.000
dcp  16.924 -38.787 46.003 1.750
dcp  14.553 -41.824 48.189 1.000
dcp  14.090 -47.281 51.600 0.500
dcp  14.291 -51.600 51.936 1.000
dcp  12.860 -58.061 53.445 1.000
dcp  13.278 -66.693 53.087 0.500
dcp  12.221 -71.323 53.341 1.000
dcp  11.390 -75.297 53.725 1.000
dcp  9.137 -80.485 53.108 1.000
dcp  9.062 -86.037 52.461 1.000
dcp  9.869 -89.522 53.297 1.000
dcp  11.795 -96.899 55.518 0.500
dcp  12.755 -100.865 56.596 0.500
dcp  13.520 -107.129 60.990 1.500
dcp  8.296 -115.082 69.950 1.000
dcp  7.709 -122.251 72.619 1.000
dcp  7.024 -128.640 75.353 1.000
dcp  8.983 -138.760 79.859 0.500
dcp  9.344 -141.902 81.661 0.500
dcp  9.020 -149.777 80.691 0.500
dcp  13.107 -154.767 79.565 0.500
dcp  19.798 -159.922 75.689 0.500
dcp  22.892 -161.790 74.935 1.000
dcp  26.100 -158.363 68.337 1.000
dcp  27.453 -158.008 62.235 0.500
dcp  26.768 -156.948 58.048 0.500
ne   24.994 -156.672 52.990 0.500
dcp  6.188 -28.346 8.861 0.750
dcp  6.945 -34.889 9.857 1.000
dcp  7.738 -40.588 9.404 1.500
dcp  9.821 -47.065 5.812 0.500
dcp  12.759 -53.142 7.390 1.000
dcp  15.483 -59.596 8.356 1.000
dcp  14.898 -70.075 7.545 1.000
dcp  13.587 -81.996 2.771 0.500
dcp  15.286 -96.375 -1.550 0.750
dcp  13.762 -112.533 -3.750 1.500
dcp  12.969 -121.454 -7.282 1.000
dcp  15.183 -131.455 -8.654 1.000
dcp  16.481 -141.056 -10.461 0.750
dcp  12.797 -152.705 -9.569 1.500
dcp  10.210 -156.393 -4.662 1.000
dcp  9.445 -160.336 2.211 0.500
dcp  7.076 -161.992 12.837 0.500
dcp  6.283 -162.087 14.704 0.500
dcp  6.233 -167.075 23.703 0.500
dcp  7.435 -170.928 30.547 1.000
dcp  9.902 -172.536 35.364 0.500
dcp  10.743 -174.351 39.245 0.500
dcp  13.333 -179.763 42.884 1.000
dcp  15.922 -181.590 46.671 0.500
dcp  18.987 -183.747 47.430 1.000
dcp  22.781 -187.771 48.672 0.500
dcp  25.843 -191.032 52.152 1.000
dcp  30.575 -194.894 52.864 1.000
dcp  34.994 -198.350 53.028 1.000
dcp  39.543 -203.677 49.906 0.500
dcp  40.493 -211.234 47.987 0.500
dcp  40.115 -213.892 48.629 1.000
dcp  39.394 -218.642 51.798 1.000
ne   43.531 -223.333 54.860 0.500
mto  8.008 -6.533 -2.721 1.500
dcp  12.173 -10.936 -1.172 1.000
bp   15.665 -13.169 0.199 2.000
dcp  15.985 -13.020 0.811 2.250
dcp  19.827 -11.504 0.881 0.500
dcp  23.693 -10.805 2.158 0.500
dcp  29.170 -5.492 6.160 1.500
dcp  34.232 -4.235 8.308 0.500
dcp  39.952 0.639 10.249 1.500
dcp  44.982 3.260 12.285 1.000
dcp  50.245 9.576 13.502 1.000
dcp  57.856 17.263 12.338 0.500
dcp  62.145 24.228 10.027 0.500
dcp  65.217 26.488 7.665 2.000
dcp  72.204 30.022 7.432 0.500
dcp  77.641 32.006 7.166 0.500
dcp  84.604 31.115 0.473 1.000
ne   88.976 29.843 -8.444 1.000
dcp  15.787 -14.767 1.342 0.500
dcp  20.428 -17.293 2.183 1.000
dcp  27.743 -19.950 2.882 0.500
dcp  29.648 -22.096 4.654 1.500
dcp  33.714 -31.234 4.348 1.000
dcp  35.713 -43.542 11.204 1.000
dcp  36.846 -52.117 14.132 0.750
dcp  42.026 -62.942 21.411 1.500
dcp  45.044 -70.637 23.343 1.500
dcp  49.965 -79.376 28.208 0.500
dcp  55.219 -86.029 27.695 1.000
dcp  60.347 -93.293 27.600 1.000
dcp  65.632 -101.862 33.866 1.500
dcp  66.121 -103.565 35.862 1.000
dcp  66.155 -108.790 39.161 0.500
dcp  65.742 -113.396 40.092 0.500
dcp  63.587 -119.642 42.744 1.000
dcp  61.159 -127.394 43.865 0.500
dcp  60.080 -133.691 43.925 1.000
dcp  60.794 -140.529 47.465 0.500
dcp  62.344 -146.151 51.087 0.500
dcp  63.156 -151.013 50.216 1.000
dcp  63.359 -157.815 51.565 1.500
dcp  62.064 -164.763 54.346 1.000
dcp  62.254 -169.364 55.166 1.000
dcp  63.476 -174.311 55.937 1.000
dcp  62.474 -181.123 57.511 0.500
dcp  63.810 -188.775 66.028 0.500
dcp  66.187 -190.149 69.814 0.500
dcp  69.049 -191.297 70.638 0.500
ne   70.020 -195.258 74.566 1.000
mto  9.947 1.543 -3.665 2.500
dcp  13.096 4.390 -3.354 1.000
dcp  15.106 3.397 -3.755 0.750
dcp  20.810 1.643 -3.862 1.500
bp   24.133 1.262 -3.875 1.750
dcp  24.473 2.248 -3.681 1.500
dcp  26.978 2.588 -3.034 0.250
dcp  30.492 4.503 -2.481 0.500
dcp  33.082 6.262 -2.429 0.500
bp   35.559 8.797 -1.282 3.000
dcp  35.645 10.216 -1.877 1.500
dcp  37.562 15.247 -0.842 1.000
dcp  41.925 21.971 -1.091 0.500
dcp  43.538 25.758 -2.859 1.000
dcp  46.576 31.588 -3.014 1.000
dcp  48.645 37.518 -3.910 1.000
dcp  50.096 45.918 -4.678 1.000
dcp  50.750 51.188 -6.510 0.500
dcp  52.439 59.424 -8.791 0.500
dcp  57.065 72.063 -9.601 0.500
dcp  58.935 77.348 -8.807 0.500
dcp  61.227 84.486 -12.360 0.500
dcp  60.745 86.744 -14.292 1.000
dcp  61.927 92.260 -18.297 1.500
dcp  65.208 97.928 -23.847 1.000
dcp  68.103 101.209 -24.325 1.000
dcp  69.129 106.376 -29.185 0.500
dcp  68.436 109.088 -31.117 1.000
dcp  67.166 109.874 -32.889 1.500
dcp  63.773 109.120 -36.645 1.000
dcp  59.308 110.624 -39.371 0.500
dcp  58.929 111.826 -41.915 0.500
dcp  59.217 114.719 -43.588 1.000
dcp  60.618 118.958 -45.356 0.500
ne   63.173 122.632 -48.202 0.500
dcp  35.853 7.554 -0.316 0.500
dcp  39.546 9.001 2.298 1.000
dcp  42.716 7.996 15.377 1.500
dcp  47.960 2.442 23.786 1.000
dcp  55.121 2.195 29.897 0.500
dcp  55.367 3.413 32.942 0.500
dcp  55.127 13.784 37.681 1.500
dcp  56.330 15.999 39.777 0.750
dcp  53.785 15.089 41.127 1.000
dcp  57.376 17.591 44.352 0.500
dcp  57.716 18.301 47.880 0.500
dcp  56.386 19.887 50.842 0.500
dcp  56.370 26.501 54.952 0.500
dcp  52.976 28.780 58.010 1.000
dcp  50.360 30.042 59.070 0.500
dcp  47.013 31.240 57.875 0.500
dcp  45.511 33.850 58.841 1.000
dcp  44.557 33.129 67.069 1.000
dcp  44.498 33.929 71.804 0.500
dcp  39.801 36.980 75.150 0.500
dcp  36.150 36.381 77.819 0.500
dcp  33.154 38.294 83.002 0.500
ne   33.644 34.936 90.505 0.500
dcp  23.113 0.510 -2.137 2.000
dcp  25.221 -2.644 -0.429 1.000
dcp  29.278 -9.028 2.680 0.500
dcp  31.016 -14.286 5.095 0.500
dcp  36.586 -22.171 11.248 1.000
dcp  40.912 -27.602 11.943 1.500
dcp  46.849 -33.660 10.110 1.000
dcp  53.094 -38.747 10.533 1.000
dcp  59.333 -40.251 14.984 1.000
dcp  63.109 -46.215 15.484 1.000
dcp  68.154 -51.586 15.584 0.500
dcp  77.374 -55.837 11.388 1.500
dcp  83.990 -59.924 9.944 0.750
dcp  87.968 -66.069 14.873 1.000
dcp  92.344 -69.821 17.581 0.500
dcp  97.015 -77.022 18.936 0.500
dcp  101.147 -84.198 16.279 0.250
dcp  101.909 -91.566 8.901 1.000
dcp  103.051 -98.757 1.893 1.000
dcp  102.237 -106.308 1.099 1.000
dcp  98.957 -114.182 4.329 0.750
dcp  99.510 -118.614 6.549 1.000
dcp  102.119 -122.087 10.931 0.500
dcp  103.673 -125.500 12.992 1.000
dcp  103.491 -129.722 13.505 0.750
ne   101.739 -135.780 7.735 0.500
