3d
mto            1        105         20          2
scp           21         86         20          2
scp           47         54         22          2
scp           64         29         24          2
scp           68          9         22          2
scp           62        -27          4          2
scp           61        -61          2          2
scp           31        -85          5          2
scp           13       -105          1          2
scp           -6       -108         -6          2
scp          -36        -89        -14          2
scp          -46        -72         -4          2
scp          -63        -47         -6          2
scp          -64        -14          3          2
scp          -54         41        -22          2
scp          -46         72        -40          2
scp          -48         99        -37          2
mae           -4        113          6          2
mto          -19        101        -43         60
dcp          -28        141        -35         40
dcp          -40        221        -63         40
bp           -41        262        -84         40
dcp          -59        272       -108         15
dcp          -80        260       -164         10
bp           -84        231       -202         20
dcp          -91        236       -203          5
dcp         -109        230       -211         10
dcp         -141        226       -250         10
dcp         -179        241       -312          5
dcp         -181        246       -332          5
dcp         -202        258       -414         10
dcp         -238        280       -451         10
dcp         -259        303       -505         10
dcp         -266        355       -571          8
dcp         -287        409       -627          8
dcp         -324        447       -696          5
dcp         -356        459       -798          5
dcp         -389        469       -837         10
dcp         -410        501       -877          5
dcp         -442        527       -923         10
dcp         -479        562       -931         10
dcp         -500        610       -935         10
dcp         -533        661       -925          5
dcp         -546        757       -917         10
dcp         -554        836       -946          5
dcp         -572        880       -974         15
dcp         -590        957       -959          5
mae         -599       1019       -978          5
dcp          -82        223       -205          8
dcp         -104        180       -225          5
dcp         -149        120       -271          5
bp          -202         76       -289         10
dcp         -212         83       -288         10
dcp         -217        102       -319         10
dcp         -222         97       -336         15
dcp         -232        109       -358          5
dcp         -248        132       -426          5
dcp         -253        138       -476         10
dcp         -264        111       -541          5
dcp         -282         89       -592          5
dcp         -307         60       -645          5
dcp         -333          7       -665         10
dcp         -355        -23       -690          5
dcp         -391        -29       -741         10
dcp         -373          5       -748          5
dcp         -357         23       -773          5
dcp         -329         67       -852          5
dcp         -328         92       -854          5
dcp         -343        146       -831          5
mae         -331        184       -836         10
dcp         -215         67       -273          5
dcp         -254         38       -288          5
dcp         -324         17       -326          5
dcp         -356        -45       -333         10
dcp         -405        -79       -364         10
dcp         -433        -95       -380          5
dcp         -478       -129       -387         10
dcp         -545       -106       -398          5
dcp         -595        -74       -407         10
dcp         -640        -56       -416         10
dcp         -715        -28       -413          8
dcp         -761        -58       -409         10
dcp         -805       -114       -377          8
dcp         -825       -201       -423         15
dcp         -814       -245       -459          5
mae         -847       -216       -526          5
bp           -43        275        -91         35
dcp          -55        277        -70          5
dcp          -81        331        -42         10
dcp         -123        378        -31         10
dcp         -191        457         36          2
dcp         -232        506        135         10
dcp         -272        532        175         10
dcp         -324        568        234          5
dcp         -383        621        311         10
dcp         -400        635        329          5
dcp         -419        670        336         10
dcp         -450        708        343          5
dcp         -493        743        365         15
dcp         -533        747        389          5
dcp         -586        772        442         10
dcp         -628        796        478         10
dcp         -669        854        477         10
dcp         -737        867        465          8
dcp         -795        876        473          8
dcp         -859        895        475          8
dcp         -902        919        524         10
dcp         -935        934        525          8
dcp         -982        940        522         10
dcp        -1018        948        504          8
dcp        -1063        968        501          5
dcp        -1100        984        504          5
dcp        -1126       1000        510         10
dcp        -1156       1019        520          5
dcp        -1207        976        490          5
dcp        -1223        935        492          5
dcp        -1220        903        497         10
mae        -1205        841        514          5
dcp          -38        296       -100         32
bp           -39        304        -92         35
dcp          -29        309       -104         15
dcp            2        334       -102          8
dcp           56        376       -102          8
bp           102        455       -103         32
dcp          101        469       -101          5
dcp          112        479        -97          5
dcp          143        582       -112         15
dcp          156        682       -139          5
dcp          174        745       -166          5
dcp          187        760       -182          5
dcp          220        814       -235         10
dcp          245        858       -255          5
dcp          287        900       -279          5
dcp          283        959       -263         10
dcp          300       1028       -236         10
dcp          314       1089       -225          5
dcp          314       1142       -240         10
dcp          301       1205       -277         10
dcp          291       1266       -299          5
dcp          280       1289       -320         15
dcp          251       1322       -388         10
dcp          268       1357       -442          5
dcp          293       1427       -456          5
dcp          316       1523       -453          5
dcp          340       1576       -472          5
dcp          339       1611       -504          5
dcp          344       1660       -539         10
mae          341       1692       -601          5
dcp          105        451        -97         10
dcp          155        475       -119         10
dcp          220        516       -153         10
dcp          262        530       -180         10
dcp          292        535       -193         10
dcp          374        557       -235          5
dcp          455        570       -258          5
dcp          516        599       -289         10
dcp          555        658       -311          5
dcp          579        705       -313         20
dcp          623        764       -322          5
dcp          635        806       -314          8
dcp          616        896       -303          8
dcp          639        968       -331          5
dcp          665       1029       -351          5
dcp          688       1051       -346          5
dcp          703       1102       -354         10
dcp          718       1173       -351          5
dcp          757       1235       -370          5
dcp          789       1267       -364          5
dcp          788       1316       -377          5
dcp          773       1336       -420         10
dcp          787       1379       -417          5
mae          803       1441       -416          5
dcp          -47        314        -98         28
dcp          -57        359        -98         28
dcp          -63        464        -87         30
bp           -69        519        -98         28
dcp          -81        522        -90         10
dcp         -129        574       -106         10
dcp         -158        629       -154         10
dcp         -181        690       -199          8
dcp         -220        721       -223          5
dcp         -258        767       -264          2
dcp         -262        793       -282          5
dcp         -284        824       -294          5
dcp         -331        830       -339         10
dcp         -388        883       -393         10
dcp         -410        926       -417         10
dcp         -452        969       -428         10
dcp         -461       1009       -454         10
dcp         -506       1071       -514         15
dcp         -536       1098       -560          5
dcp         -562       1144       -582          5
dcp         -569       1193       -617         10
dcp         -583       1236       -639         10
dcp         -588       1270       -683          5
dcp         -620       1318       -682         10
dcp         -642       1319       -685          5
dcp         -688       1295       -715          5
dcp         -717       1298       -726          5
dcp         -752       1309       -741          5
dcp         -784       1319       -784         10
dcp         -814       1344       -848          5
dcp         -860       1350       -874          5
dcp         -885       1380       -869          5
dcp         -903       1399       -858          5
dcp         -934       1412       -841          5
dcp         -954       1378       -796         10
mae         -952       1365       -771          5
dcp          -63        527        -93         28
bp           -67        583       -109         30
dcp          -83        584       -102          2
dcp         -122        615       -126          5
dcp         -149        669       -207         10
dcp         -178        678       -221         10
dcp         -197        677       -269          5
dcp         -192        690       -287         10
dcp         -230        722       -316          5
dcp         -262        752       -372         10
dcp         -347        754       -455         10
dcp         -396        750       -514         10
dcp         -412        748       -562         10
dcp         -452        760       -640         10
dcp         -485        808       -651         10
dcp         -486        849       -675         15
dcp         -507        880       -692         10
dcp         -528        917       -737          5
dcp         -568        940       -783          5
dcp         -589        955       -804          5
dcp         -600        991       -815         10
dcp         -640       1028       -821          5
dcp         -663       1045       -830          5
dcp         -707       1052       -845         10
dcp         -736       1055       -878         10
dcp         -755       1054       -929          8
dcp         -723       1069      -1013         10
dcp         -721       1059      -1034          5
dcp         -738       1054      -1075          8
dcp         -758       1097      -1114         10
mae         -731       1112      -1149          5
dcp          -68        583       -104         30
dcp          -65        645        -96         20
dcp          -59        741       -104         25
dcp          -61        810       -100         18
bp           -69        839       -101         28
dcp          -85        842        -99          2
dcp         -116        883        -79         10
dcp         -178        937        -41          5
dcp         -221        989         -7         10
dcp         -274       1038         30          8
dcp         -311       1129         78         10
dcp         -342       1186        113          2
dcp         -381       1264        180          5
dcp         -407       1365        244         10
dcp         -417       1438        297         10
dcp         -441       1512        359         10
dcp         -448       1589        415         10
dcp         -435       1584        438         10
dcp         -451       1615        443          5
dcp         -449       1636        441         10
dcp         -446       1642        421          5
dcp         -426       1665        424         10
dcp         -393       1709        377         10
dcp         -384       1751        327          5
dcp         -353       1766        318          5
dcp         -339       1791        327          5
dcp         -353       1843        330          5
dcp         -362       1872        344         10
dcp         -360       1933        356          5
dcp         -351       1954        361          5
dcp         -331       1958        366          5
dcp         -309       1979        374          5
mae         -315       1985        373          2
bp           -72        843        -96         28
dcp          -63        855        -97         15
dcp          -56        864        -95          5
dcp          -19        945        -40         10
dcp           29       1025        -38          5
dcp           66       1090        -34         10
dcp          106       1186        -32         10
dcp          129       1293        -17          8
dcp          162       1366         -1         10
dcp          186       1501         -5         10
dcp          198       1623        -46         10
dcp          219       1696        -48         10
dcp          250       1716        -59          5
dcp          272       1756        -62          5
dcp          305       1799        -67          5
dcp          338       1878        -71          5
dcp          372       1966       -125          2
dcp          397       2005       -125          5
dcp          450       2071       -148         10
dcp          515       2118       -179          5
dcp          572       2167       -266          5
dcp          614       2134       -358         10
dcp          672       2150       -373         10
mae          709       2189       -378         10
dcp          -74        859       -115         25
dcp          -83        929       -125         28
dcp          -91        980       -132         15
dcp          -91       1047       -140         15
dcp          -90       1111       -140         22
bp           -93       1161       -140         25
dcp          -93       1167       -139         30
bp           -78       1210       -159         20
dcp          -68       1212       -177         20
dcp          -67       1221       -197         10
dcp          -41       1274       -254         10
dcp           -5       1316       -306         10
dcp           23       1417       -386         15
dcp           38       1479       -437         10
dcp           43       1515       -473         15
bp            83       1586       -536         15
dcp           99       1601       -585         10
dcp          121       1645       -660          5
dcp          147       1740       -725         10
dcp          178       1749       -737          5
dcp          185       1799       -772         15
dcp          219       1826       -794          5
dcp          252       1885       -805         10
dcp          278       1941       -818         15
dcp          281       1995       -837          5
dcp          285       2063       -888         15
dcp          296       2129       -925         10
dcp          323       2199       -990         15
dcp          360       2261      -1060         15
dcp          429       2359      -1091         10
dcp          468       2441      -1099         10
dcp          487       2516      -1091          5
dcp          491       2554      -1085         10
dcp          495       2613      -1086         10
dcp          503       2670      -1098          5
dcp          525       2732      -1078         15
dcp          560       2790      -1101          5
dcp          587       2863      -1125         10
dcp          620       2931      -1130         10
dcp          650       2984      -1141          5
dcp          706       3079      -1144          5
dcp          746       3139      -1133          5
dcp          783       3192      -1108          5
dcp          846       3271      -1130         10
dcp          896       3305      -1179          5
dcp          922       3362      -1210         10
dcp          920       3438      -1254         10
dcp          940       3491      -1271          5
dcp          955       3564      -1272          8
dcp          975       3615      -1277          5
dcp         1027       3653      -1253          5
dcp         1058       3684      -1234          5
dcp         1101       3713      -1228          5
dcp         1132       3722      -1193         10
dcp         1161       3732      -1172          5
dcp         1205       3744      -1166          5
dcp         1239       3794      -1167         10
dcp         1298       3799      -1160          5
dcp         1336       3816      -1162          5
mae         1385       3842      -1214          5
dcp           83       1597       -542          5
dcp           94       1687       -522          5
dcp          106       1756       -506          5
dcp           95       1861       -499          8
dcp           96       1914       -498         10
dcp           98       2028       -482         10
dcp          105       2098       -498          8
dcp          118       2109       -504         10
dcp          141       2140       -505         10
dcp          159       2203       -499          5
dcp          154       2275       -502          5
dcp          169       2346       -527          5
dcp          182       2426       -536         10
dcp          182       2492       -541          5
dcp          211       2547       -562          5
dcp          224       2611       -574         10
dcp          228       2677       -574          5
dcp          215       2712       -575          5
dcp          217       2782       -565         10
dcp          214       2822       -550         10
dcp          202       2888       -587          5
dcp          232       2894       -600         10
dcp          228       2903       -641         10
dcp          197       2932       -669         10
dcp          172       2943       -676          5
mae          156       2947       -669          5
dcp          -85       1212       -158         20
dcp          -99       1288       -156         22
dcp          -91       1356       -164         20
dcp          -68       1330       -182         15
dcp          -68       1399       -195         18
dcp          -66       1467       -192         20
dcp          -54       1555       -215         20
dcp          -40       1627       -222         25
dcp          -33       1680       -235         15
dcp          -29       1702       -242         25
bp           -40       1738       -245         28
dcp          -58       1746       -234         10
dcp          -60       1784       -188          5
dcp          -93       1868       -153         10
dcp         -130       1925       -145          5
dcp         -132       1962       -131         10
dcp         -141       1964       -113         15
dcp         -155       2043        -66          8
dcp         -141       2124        -58         15
dcp         -135       2215        -46         10
dcp         -132       2296        -31          5
dcp         -112       2383         17          5
dcp          -97       2461         45          8
dcp          -62       2541         60         10
dcp          -60       2655         79          8
dcp          -66       2738         55         10
mae          -68       2872         34         15
dcp          -41       1748       -247         20
dcp          -21       1774       -258         18
dcp          -18       1848       -280         18
dcp          -14       1938       -289         15
dcp          -20       1962       -306         30
dcp          -21       2048       -315         10
dcp          -19       2101       -329         15
dcp          -32       2136       -330         18
dcp          -16       2251       -363         15
dcp          -35       2339       -378         20
dcp          -39       2403       -387         15
dcp          -33       2470       -399         20
bp           -26       2514       -413         20
dcp          -23       2524       -409          5
dcp          -12       2545       -393          5
dcp          -27       2583       -374         10
dcp          -46       2646       -372          8
dcp          -53       2689       -356         10
dcp          -28       2720       -346         10
dcp            2       2792       -328         10
dcp           30       2841       -318          8
dcp           52       2903       -324         10
dcp           90       2998       -353         10
dcp          106       3091       -360          5
dcp          108       3120       -356          5
dcp          142       3191       -368          5
dcp          141       3240       -376          5
dcp          143       3299       -400         10
dcp          158       3372       -429          8
dcp          164       3419       -425         15
dcp          182       3455       -437         10
dcp          191       3517       -433         10
dcp          197       3578       -443         10
dcp          198       3620       -443          8
dcp          202       3710       -442          5
dcp          198       3771       -439         15
dcp          200       3811       -444         10
dcp          225       3842       -450          5
dcp          248       3880       -453         10
dcp          254       3894       -445          5
dcp          290       3999       -445         10
dcp          315       4049       -472          8
dcp          337       4090       -486         15
dcp          343       4143       -504          5
dcp          343       4198       -503          5
dcp          352       4227       -492          5
dcp          353       4277       -476          5
dcp          340       4362       -472          5
dcp          363       4455       -484         10
dcp          396       4504       -507         10
dcp          432       4545       -520         10
dcp          458       4601       -551         15
dcp          458       4662       -570          5
dcp          464       4723       -619         10
dcp          453       4762       -625          5
dcp          474       4860       -637          5
dcp          489       4950       -675          5
dcp          526       5000       -668         10
dcp          554       5058       -670          5
mae          589       5132       -671          5
dcp          -30       2526       -420         15
dcp          -37       2586       -444         20
dcp          -47       2636       -467         10
dcp          -53       2661       -478         15
dcp          -46       2684       -489         15
dcp          -57       2740       -501         22
dcp          -48       2771       -521         10
bp           -47       2816       -519         20
dcp          -38       2823       -542         10
dcp          -49       2868       -547         10
dcp          -48       2973       -581         15
dcp          -42       3036       -604          8
dcp          -66       3083       -625         18
dcp          -59       3188       -661         20
dcp          -62       3264       -681         10
dcp          -55       3339       -681         10
dcp          -48       3392       -679         15
dcp          -37       3472       -662         10
dcp          -34       3492       -664         15
bp           -22       3536       -677         20
dcp          -34       3542       -666          8
dcp          -43       3571       -719         15
dcp          -62       3612       -779         15
dcp          -38       3642       -847         10
dcp          -48       3679       -884         10
dcp          -43       3728       -927         10
dcp          -56       3777       -971         10
dcp          -63       3818      -1014         10
dcp          -73       3846      -1032         10
dcp          -85       3885      -1051         10
dcp          -89       3930      -1052          8
dcp          -96       3985      -1068         10
dcp          -88       4022      -1124         10
dcp          -90       4029      -1147          5
dcp          -37       4048      -1153         10
dcp          -46       4055      -1250          5
dcp          -78       4084      -1353         10
dcp          -54       4123      -1418         15
dcp          -17       4148      -1497         10
dcp            7       4193      -1569         10
dcp           30       4245      -1650         15
dcp           20       4284      -1749          5
dcp           34       4297      -1778          5
dcp           35       4302      -1798         10
dcp           37       4320      -1821         10
dcp           69       4335      -1877         10
dcp           70       4354      -1910          5
dcp           50       4409      -1919          5
dcp           41       4457      -1955          5
dcp           44       4489      -1969          5
dcp           44       4533      -1971         10
dcp           31       4582      -2003         10
dcp           20       4610      -2012         10
dcp           10       4666      -2066         10
dcp           17       4699      -2055          8
dcp           31       4778      -2071          8
dcp           39       4867      -2075         10
dcp           52       4961      -2113         10
dcp           42       5017      -2137          5
dcp           41       5116      -2183          2
dcp           53       5182      -2214         10
dcp           38       5263      -2232         10
dcp           41       5342      -2240          5
dcp           66       5420      -2264         10
dcp           82       5555      -2281         10
dcp           65       5615      -2261          5
dcp           84       5707      -2258         15
dcp           89       5776      -2249         10
dcp          115       5824      -2276         10
dcp          120       5826      -2296          5
dcp          141       5844      -2299         10
dcp          146       5918      -2300         10
dcp          121       5945      -2316         10
dcp          115       5975      -2340         10
dcp           97       6014      -2342         10
dcp           85       6061      -2347          5
dcp           32       6133      -2339          8
dcp           -5       6165      -2350          5
mae          -33       6185      -2344          5
dcp          -16       3547       -666         15
bp           -13       3571       -655         15
dcp          -18       3580       -655         10
dcp          -41       3602       -648          5
dcp          -82       3622       -687          5
dcp          -99       3633       -695         10
dcp         -115       3648       -702         10
dcp         -152       3674       -726         10
dcp         -176       3707       -736          5
dcp         -189       3732       -760         10
dcp         -203       3786       -809         10
dcp         -219       3828       -821         10
dcp         -240       3862       -840          5
dcp         -262       3905       -872         10
dcp         -282       3942       -873         10
dcp         -311       3976       -868         10
dcp         -349       4007       -884          8
dcp         -363       4039       -897         10
dcp         -384       4077       -934          5
dcp         -442       4132       -988          5
dcp         -473       4159       -993         10
dcp         -509       4187       -983         10
dcp         -545       4200      -1019         10
dcp         -561       4217      -1039          5
dcp         -586       4247      -1059          5
dcp         -607       4279      -1066         10
dcp         -627       4316      -1077          5
dcp         -639       4349      -1079         10
dcp         -662       4388      -1093          5
dcp         -677       4420      -1093          5
dcp         -698       4482      -1089          5
dcp         -710       4504      -1094          5
dcp         -699       4595      -1130          5
dcp         -689       4654      -1152          5
dcp         -700       4696      -1160         10
dcp         -727       4728      -1158          5
dcp         -774       4788      -1152         10
dcp         -810       4788      -1185          5
mae         -805       4832      -1202         10
dcp          -13       3579       -649         15
dcp           14       3652       -634         15
dcp           17       3723       -631         10
dcp           38       3821       -643         15
dcp           54       3889       -652         10
dcp           64       3966       -662         15
dcp           77       4035       -669         18
dcp           86       4100       -677         15
bp            95       4129       -677         15
dcp          111       4131       -694         10
dcp          153       4131       -683         10
dcp          191       4130       -692          5
dcp          235       4189       -665         10
dcp          252       4252       -638          5
dcp          260       4311       -611          5
dcp          255       4377       -595         10
dcp          230       4421       -606          5
dcp          240       4456       -618         10
dcp          245       4505       -645          5
dcp          274       4552       -663         10
dcp          294       4638       -682          5
dcp          319       4683       -674          5
dcp          373       4703       -695         10
dcp          408       4730       -704          5
dcp          442       4757       -703          5
dcp          489       4795       -692         10
dcp          512       4836       -630         10
dcp          543       4868       -593          5
dcp          562       4929       -530          5
dcp          591       4987       -529         10
mae          606       5051       -536          5
dcp           99       4134       -668         10
dcp          110       4235       -682         15
dcp          112       4322       -700         10
dcp          134       4431       -716         15
dcp          158       4512       -730          8
dcp          164       4547       -727         15
dcp          164       4567       -720         18
dcp          175       4613       -714         10
dcp          182       4661       -689         15
bp           202       4686       -699         28
dcp          210       4687       -697         10
dcp          228       4690       -695         10
dcp          255       4719       -698          5
dcp          306       4765       -693         20
dcp          356       4805       -674          5
dcp          392       4833       -675          5
dcp          422       4896       -682         20
dcp          470       4955       -694         10
dcp          512       4988       -698         10
dcp          554       5019       -716          5
dcp          586       5056       -725          5
dcp          620       5080       -724          5
dcp          654       5118       -753         10
dcp          691       5171       -769          5
dcp          711       5183       -799          5
dcp          740       5202       -810         10
dcp          774       5245       -839          8
dcp          807       5283       -847          5
dcp          849       5300       -861          5
dcp          885       5350       -867         10
dcp          923       5343       -872          5
dcp          940       5381       -892          5
dcp          976       5403       -883          5
dcp         1017       5422       -897          2
dcp         1047       5450       -907         10
dcp         1094       5497       -929          5
dcp         1148       5525       -960          5
dcp         1190       5558       -945          5
dcp         1240       5617       -947          5
dcp         1265       5626       -948          5
dcp         1290       5674       -952         10
dcp         1320       5740       -948          5
dcp         1334       5780       -940          5
dcp         1357       5848       -942         10
dcp         1372       5880       -945         10
dcp         1365       5960       -925         10
dcp         1344       5983       -938         10
dcp         1369       6020       -945         10
dcp         1391       6115       -968          5
dcp         1468       6151       -976          5
dcp         1505       6108      -1003          5
mae         1544       6071      -1019          5
dcp          207       4694       -679         15
dcp          194       4710       -670          5
dcp          211       4848       -666          8
dcp          234       4977       -669          5
dcp          259       5058       -677         15
dcp          271       5146       -674         10
dcp          280       5200       -682         10
dcp          311       5278       -689         15
dcp          320       5362       -705         10
dcp          331       5441       -712          8
dcp          356       5500       -725          5
dcp          381       5564       -727          5
dcp          392       5569       -734          5
dcp          411       5664       -747          5
dcp          425       5734       -757          5
dcp          444       5809       -759          5
dcp          461       5869       -764          5
dcp          460       5894       -782          5
dcp          487       5994       -780          5
dcp          524       6078       -787          5
dcp          523       6094       -790          8
dcp          546       6184       -757          5
dcp          574       6256       -724          5
dcp          573       6255       -721          5
dcp          577       6252       -700          5
dcp          589       6285       -675          2
dcp          615       6332       -653          5
dcp          622       6391       -616          5
dcp          658       6416       -605          5
dcp          674       6443       -603         10
dcp          690       6464       -597          5
dcp          690       6514       -586          5
dcp          698       6556       -564          5
dcp          727       6578       -562          5
dcp          724       6615       -551          5
dcp          743       6652       -539          5
dcp          767       6685       -527          5
dcp          772       6751       -495          5
dcp          773       6809       -494         10
dcp          763       6865       -490          5
dcp          763       6901       -498          5
dcp          724       6957       -512          5
dcp          693       6984       -517          5
dcp          666       7021       -524          5
mae          664       7026       -524          5
dcp          -57       2825       -489         10
dcp          -69       2874       -468         10
dcp          -72       2937       -441         10
bp           -58       2985       -412         15
dcp          -54       2989       -410         10
dcp          -13       3017       -402          5
dcp           18       3045       -404          5
dcp           43       3131       -412          8
dcp           57       3160       -410          5
dcp           92       3234       -414          5
dcp          123       3262       -396          5
dcp          151       3300       -405          5
dcp          169       3333       -413          5
dcp          187       3375       -417         10
dcp          206       3381       -422         10
dcp          222       3427       -431          8
dcp          236       3461       -447          5
dcp          261       3522       -465         10
dcp          271       3560       -479          5
dcp          304       3608       -502         10
dcp          310       3678       -518          5
dcp          327       3768       -545         18
dcp          357       3835       -577         10
dcp          383       3907       -586          8
dcp          396       3922       -602         10
dcp          427       3983       -623         10
dcp          434       4053       -629         10
dcp          440       4116       -662         10
dcp          458       4188       -712          5
dcp          483       4224       -738         10
dcp          491       4269       -757          8
dcp          512       4299       -771          5
dcp          536       4376       -778          5
dcp          538       4457       -778          5
dcp          552       4508       -761         20
dcp          539       4570       -747         10
dcp          578       4602       -757          5
dcp          624       4627       -759          5
dcp          698       4653       -779          5
dcp          748       4668       -778          5
dcp          782       4689       -770          5
dcp          818       4764       -808          5
dcp          831       4781       -823          5
dcp          834       4782       -843          5
dcp          856       4809       -855          5
dcp          868       4859       -867          5
dcp          882       4923       -880         10
dcp          914       4963       -917          5
dcp          946       5050       -951          5
dcp          990       5117       -974         10
dcp         1011       5135       -993          5
dcp         1016       5154      -1031          5
dcp         1044       5179      -1060          8
dcp         1058       5221      -1086          5
dcp         1096       5258      -1108         10
dcp         1157       5269      -1129          5
mae         1197       5335      -1109          5
dcp          -62       2988       -402         10
dcp          -53       3050       -377         10
dcp          -59       3128       -344          5
dcp          -66       3243       -338         10
dcp          -87       3344       -329          5
dcp          -83       3403       -329          8
dcp          -89       3494       -299         10
dcp         -102       3573       -281         10
dcp         -118       3671       -266          8
dcp         -132       3736       -246         10
dcp         -158       3790       -241         15
dcp         -189       3864       -178         10
dcp         -217       3956       -141          8
dcp         -245       4048       -104         10
dcp         -273       4101        -81         10
dcp         -293       4128        -67         15
dcp         -294       4177        -54         15
dcp         -289       4264        -43         15
dcp         -306       4350        -35         10
dcp         -332       4418        -36          5
dcp         -359       4502        -36          8
dcp         -355       4553        -34         10
dcp         -357       4630        -73         15
dcp         -348       4717        -76         10
dcp         -360       4866       -114         18
dcp         -347       4941       -123         15
dcp         -357       5035       -141         10
dcp         -381       5107       -136         10
dcp         -371       5161       -138         10
dcp         -376       5244       -155         10
dcp         -348       5285       -141          8
dcp         -346       5347       -118         10
dcp         -353       5390       -136         15
dcp         -362       5411       -148         15
dcp         -335       5448       -153         15
dcp         -323       5481       -157          8
dcp         -301       5569       -168          5
dcp         -285       5645       -186         10
dcp         -271       5724       -184         10
dcp         -274       5797       -182         10
dcp         -266       5850       -179          5
dcp         -247       5887       -186          5
dcp         -251       5948       -190         10
dcp         -296       6018       -152         10
dcp         -301       6063       -153          5
dcp         -321       6106       -153         10
dcp         -335       6177       -153          5
bp          -359       6245       -159         15
dcp         -359       6251       -151          5
dcp         -368       6274       -127          5
dcp         -414       6305        -60          5
dcp         -434       6329        -49          5
dcp         -447       6367        -14         10
mae         -452       6431        -13          5
dcp         -362       6247       -162         10
dcp         -378       6297       -168         10
dcp         -408       6352       -182          5
dcp         -426       6393       -203         10
dcp         -432       6482       -210          5
dcp         -477       6549       -219          5
dcp         -503       6606       -203          5
dcp         -550       6644       -200          5
mae         -595       6731       -216          5
dcp         -107       1166       -140          8
dcp         -143       1199       -135          5
dcp         -204       1239       -109         10
dcp         -273       1273        -86         15
dcp         -307       1291        -66          5
dcp         -323       1377         -1         10
dcp         -317       1465         42          8
dcp         -326       1549         47          5
dcp         -339       1590         43         10
dcp         -386       1673         74         10
dcp         -404       1767        102         10
dcp         -394       1857        148          5
dcp         -402       1897        210          5
dcp         -431       1950        300         15
dcp         -477       1975        338          8
dcp         -523       2001        386         10
dcp         -543       2050        444          8
dcp         -515       2040        470          8
dcp         -516       2082        524         10
dcp         -536       2141        549         10
dcp         -569       2189        573         15
dcp         -591       2253        616          5
dcp         -604       2305        644         10
dcp         -621       2352        674          5
dcp         -631       2384        706         10
mae         -650       2438        754          5
mto          -49        -46         50         40
dcp          -66        -67         56         25
bp           -98       -110         54         25
dcp         -101       -111         50         18
bp          -106       -138         51         20
dcp         -104       -146         56          5
dcp         -121       -198         62         10
dcp         -111       -251         81          5
dcp          -99       -350        140          5
dcp          -70       -425        188         10
dcp          -52       -483        227         15
dcp          -22       -535        257         10
dcp          -25       -547        276          5
dcp          -18       -599        297          5
dcp          -20       -641        321         10
dcp          -19       -685        357         10
dcp          -22       -720        376          5
dcp          -19       -771        397         10
dcp          -22       -830        431          5
dcp          -12       -875        470         10
dcp           -3       -937        529         10
dcp           10      -1000        575          5
dcp           20      -1048        585          5
dcp           36      -1096        599         10
dcp           28      -1141        610         10
dcp           30      -1211        626         10
dcp            2      -1238        636         10
dcp           14      -1296        648         10
dcp           29      -1339        637         10
dcp           39      -1389        644         10
dcp           64      -1455        663         15
dcp           88      -1526        687          5
dcp          115      -1586        707         10
dcp          111      -1651        764         10
dcp           93      -1720        782          5
dcp          104      -1740        832          5
dcp           81      -1731        848         10
dcp           66      -1721        913         10
dcp           55      -1705        953          2
dcp           33      -1698       1006         10
dcp           38      -1702       1045          5
mae           63      -1714       1105         10
dcp         -108       -136         54         15
dcp         -146       -174         12         10
bp          -157       -201        -46         20
dcp         -167       -194        -40         10
dcp         -177       -171        -73          5
dcp         -195       -158        -99         10
dcp         -232       -125       -143         10
dcp         -259       -102       -225          5
dcp         -333        -84       -311         10
dcp         -367        -81       -355         15
dcp         -425       -135       -422          5
dcp         -429       -126       -442          5
dcp         -463       -162       -491          5
dcp         -478       -163       -554          8
dcp         -482       -115       -578         10
dcp         -497        -70       -618          5
dcp         -529        -29       -621         15
dcp         -538         14       -670          8
dcp         -609         49       -699         10
dcp         -670         65       -691          5
dcp         -721         66       -662          5
dcp         -789         70       -603          8
dcp         -827         63       -580          5
dcp         -871         -4       -549          5
dcp         -885        -13       -543          5
dcp         -887        -17       -523          5
dcp         -929          2       -498         10
dcp         -928        -17       -450         10
dcp         -960        -24       -410         10
dcp         -989        -37       -387         10
dcp        -1032        -65       -370         15
dcp        -1048        -97       -364         10
dcp        -1069       -102       -344         10
dcp        -1070        -99       -344          5
dcp        -1067       -104       -365          5
dcp        -1048       -123       -437          5
dcp        -1056       -170       -491          5
mae        -1050       -220       -521         15
dcp         -153       -204        -35         15
dcp         -165       -257        -36          8
dcp         -178       -370        -75         10
dcp         -177       -423       -109         10
dcp         -153       -508       -152         10
dcp         -138       -559       -183         10
dcp         -125       -680       -219          8
dcp         -122       -802       -287         10
dcp         -114       -862       -315          8
dcp         -123       -930       -324         10
dcp         -159       -949       -346          5
dcp         -195      -1010       -359          5
dcp         -223      -1081       -363         10
dcp         -269      -1125       -392         10
dcp         -296      -1134       -421         10
dcp         -352      -1133       -465          5
dcp         -423      -1111       -511          5
dcp         -474      -1110       -534         10
dcp         -527      -1149       -543         15
dcp         -554      -1183       -574          5
dcp         -553      -1194       -596         10
dcp         -559      -1224       -627          5
dcp         -600      -1235       -684          8
dcp         -622      -1237       -721         10
dcp         -635      -1268       -743         10
dcp         -655      -1332       -758         10
dcp         -677      -1351       -763          5
dcp         -745      -1341       -758         15
mae         -780      -1272       -771          5
dcp         -107       -100         50         15
dcp         -129        -88         67         10
dcp         -166        -75         85          8
dcp         -204        -63         98          5
bp          -207        -61        106         15
dcp         -213        -67        124         10
dcp         -274        -51        191         10
dcp         -313        -42        253         10
dcp         -337        -39        268          5
dcp         -375        -29        286          5
dcp         -409        -29        314          5
dcp         -456        -18        340          5
dcp         -494        -13        373          5
dcp         -534        -15        406          5
dcp         -625         39        455         10
dcp         -687         57        548          5
dcp         -718        101        603          5
dcp         -745        129        690         10
dcp         -721        173        742         10
dcp         -717        217        805          5
dcp         -715        256        831         10
dcp         -675        336        870          5
dcp         -662        342        895          5
dcp         -645        350        920          5
dcp         -623        349        962          5
dcp         -655        381       1020         10
dcp         -644        397       1048          5
dcp         -637        428       1071          5
dcp         -648        486       1101          5
dcp         -646        515       1117          5
dcp         -643        549       1122          5
dcp         -647        581       1122         10
dcp         -649        626       1116          5
dcp         -633        667       1114         10
dcp         -617        713       1134         10
dcp         -614        720       1161         15
dcp         -606        663       1201         10
mae         -581        636       1201          5
dcp         -204        -63        101          5
dcp         -286        -40        138         10
dcp         -360        -11        131          5
dcp         -392         32        112         10
dcp         -445        104         92          8
dcp         -493        145         62         10
dcp         -543        182         49          5
dcp         -586        217         32         10
dcp         -619        240         32         10
dcp         -677        252         14         15
dcp         -744        290         -3          8
dcp         -797        317        -21         10
dcp         -833        342        -35          8
dcp         -870        369        -48          8
dcp         -917        377        -56          5
dcp         -947        407        -60          5
dcp         -985        445        -39         20
dcp        -1016        530          7         10
dcp        -1045        591         28          5
dcp        -1080        632         34          5
dcp        -1115        666         32         10
dcp        -1120        710         54          5
dcp        -1103        749         91         10
dcp        -1048        744        148          5
dcp         -996        727        171         10
dcp         -972        708        196          5
dcp         -956        682        243         10
dcp         -927        657        289          8
dcp         -886        651        303          5
dcp         -859        628        310          5
dcp         -853        589        328          5
dcp         -841        567        362          5
dcp         -822        557        391          5
mae         -807        569        406          5
mto           14        -41       -113          8
dcp           14        -41       -113          8
bp            23        -53       -143         15
dcp           35        -56       -151         20
dcp           56        -10       -198         15
dcp           83         11       -225         20
bp           102         36       -290         10
dcp          145         51       -286         10
dcp          160         55       -302          5
dcp          214         41       -358         10
dcp          231         19       -400         10
dcp          264        -48       -465         10
dcp          294       -101       -502         10
dcp          329       -134       -559          8
dcp          359       -120       -576          5
dcp          430       -151       -640         10
dcp          467       -152       -668          5
dcp          476       -132       -681         10
dcp          508       -133       -702         10
dcp          557        -80       -757          5
dcp          575        -58       -768         10
dcp          617        -33       -853         10
dcp          606        -19       -875         10
dcp          625          9       -935         10
dcp          665         22      -1022          8
dcp          689         28      -1054          5
dcp          737          1      -1175          5
dcp          741        -38      -1215         10
mae          752       -100      -1240          5
dcp           98         42       -277          8
dcp          105         51       -295          5
dcp           92         75       -337         10
bp            79        100       -379         20
dcp           88         98       -400         10
dcp           92        106       -455         10
dcp          108        127       -491         10
dcp          140        159       -546         20
dcp          167        196       -647         10
dcp          196        242       -749         10
dcp          210        265       -823         15
dcp          215        274       -875         10
dcp          212        269       -897          5
dcp          218        258       -974         10
dcp          273        246      -1094         10
dcp          291        229      -1185         10
dcp          274        268      -1335         10
dcp          260        289      -1419         10
dcp          250        315      -1454         10
mae          272        330      -1494         10
dcp           80        109       -380         10
dcp           77        132       -396          8
dcp           87        161       -409         15
dcp           83        209       -420          5
dcp           93        275       -454         10
dcp           98        337       -490         10
dcp           92        393       -500         10
dcp           82        421       -510          5
dcp           58        490       -529          5
dcp           43        527       -538         10
dcp           21        575       -538         10
dcp          -11        634       -514         10
dcp          -16        684       -499          5
dcp          -27        745       -489          5
dcp          -44        798       -514          5
dcp          -87        856       -520          5
dcp         -104        916       -489          5
dcp         -117        979       -506         10
dcp         -150       1035       -520          5
dcp         -176       1093       -515          5
dcp         -173       1119       -516          5
mae         -175       1156       -502          5
dcp           28        -68       -146         18
bp            15        -98       -181         10
dcp            5       -111       -175          5
dcp          -30       -183       -215          5
dcp          -67       -242       -246         10
dcp         -115       -283       -306          5
dcp         -151       -311       -354          5
dcp         -230       -334       -400         10
dcp         -288       -392       -420          5
dcp         -321       -443       -431         10
dcp         -375       -534       -387         15
dcp         -443       -629       -332          5
dcp         -474       -729       -330         10
dcp         -479       -834       -333         10
dcp         -479       -905       -336          5
dcp         -453       -962       -336          2
dcp         -420      -1030       -359         10
dcp         -406      -1122       -379         10
dcp         -422      -1171       -380          5
dcp         -474      -1215       -388         10
dcp         -452      -1298       -389         10
dcp         -471      -1376       -395          5
dcp         -559      -1450       -425          5
dcp         -587      -1474       -426         10
mae         -618      -1538       -415         10
dcp           18        -97       -191          5
dcp           -6       -161       -271          5
bp           -16       -171       -300         18
dcp          -27       -157       -322         10
dcp          -28       -143       -342         10
dcp          -51        -71       -376         10
dcp          -68        -24       -395          5
dcp         -105         44       -422         10
dcp         -135        127       -433         10
dcp         -138        205       -461          5
dcp         -147        284       -485         10
dcp         -159        331       -501         10
dcp         -169        381       -518          5
dcp         -199        439       -553          5
dcp         -209        492       -578         10
dcp         -216        542       -602         10
dcp         -205        607       -634         15
dcp         -213        653       -651         10
dcp         -218        725       -680          5
dcp         -201        786       -719         10
dcp         -197        876       -728          5
dcp         -211        913       -769          8
mae         -267        987       -823         10
dcp          -20       -181       -308         15
dcp          -17       -191       -313          5
dcp          -45       -287       -326         15
dcp          -49       -388       -338         10
dcp          -52       -436       -347          8
dcp          -46       -532       -344         10
dcp          -44       -639       -337         10
dcp          -47       -723       -345         10
dcp          -47       -831       -362          8
dcp          -43       -937       -371         10
dcp          -34       -985       -364         10
dcp            9      -1144       -415         10
dcp           19      -1189       -407          5
dcp           27      -1331       -429         10
dcp           25      -1487       -468          5
dcp           31      -1509       -490         10
dcp           42      -1578       -505         10
dcp           74      -1652       -509          5
dcp          102      -1705       -521         20
dcp          174      -1760       -530         10
dcp          199      -1808       -522         10
mae          183      -1846       -504          5
mto           13       -110        -30         10
dcp           19       -163        -35          5
dcp           43       -226        -44         18
dcp           43       -317        -54         15
dcp           30       -392        -66         20
dcp           24       -536        -91         10
bp            25       -571        -95         18
dcp           14       -584        -79         10
dcp           -1       -702        -83         10
dcp           -2       -859       -140          8
dcp            6      -1024       -206         10
dcp          -19      -1162       -194         10
dcp          -33      -1241       -177         10
dcp          -16      -1335       -155          8
dcp           10      -1455       -139         10
dcp           22      -1532       -163         15
dcp          -20      -1568       -178         15
dcp            2      -1616       -157         15
dcp           54      -1680       -126         10
dcp          141      -1714       -142          8
dcp          215      -1749       -136         10
dcp          266      -1771       -121          5
dcp          304      -1823        -79         15
dcp          333      -1845        -54         10
dcp          322      -1936        -69         10
dcp          346      -1980        -11          5
mae          350      -2105        -14         10
dcp           26       -576       -101          8
dcp           36       -635       -149         15
dcp           23       -724       -214         15
dcp           41       -795       -270         15
dcp           63       -840       -303          5
dcp          124       -864       -374         10
dcp          126       -869       -394         10
dcp          145       -876       -427          5
dcp          185       -935       -507          5
dcp          206      -1008       -600         18
dcp          232      -1103       -672         15
dcp          216      -1152       -772          5
dcp          185      -1261       -823         10
dcp          187      -1334       -880         10
dcp          222      -1417       -935         10
dcp          194      -1477       -969         10
dcp          184      -1479      -1000         15
dcp          172      -1452      -1057          5
mae          171      -1460      -1092          5
mto          -13         26         77         20
dcp          -14         23        123         18
bp           -19         54        159         15
dcp          -37         48        200         10
dcp          -74         48        305         20
dcp          -88         55        323         10
bp           -93         52        325         10
dcp          -89         60        329         10
dcp         -134         75        400         10
dcp         -192         75        448          5
dcp         -257         56        516         10
dcp         -317         36        595         10
dcp         -367         52        651          5
dcp         -406         67        742         15
dcp         -418         67        830         10
dcp         -414         77        860         10
dcp         -400         91        907          5
dcp         -402        105        928          5
dcp         -396        107       1003         10
dcp         -397        145       1053         15
dcp         -402        159       1077          5
dcp         -420        209       1143          5
dcp         -455        248       1232          5
dcp         -482        268       1251          5
dcp         -514        292       1272         10
dcp         -539        338       1286          5
dcp         -560        395       1296          5
dcp         -567        430       1311         10
dcp         -574        471       1309          5
dcp         -600        539       1312         10
dcp         -601        582       1343         15
dcp         -576        619       1372          2
dcp         -549        621       1376         10
dcp         -524        632       1370          5
dcp         -511        630       1376          5
dcp         -495        621       1407         15
dcp         -476        594       1442          5
dcp         -456        540       1477          5
dcp         -430        532       1490         10
dcp         -394        544       1503         10
mae         -371        522       1498          5
dcp          -87         50        328         10
dcp          -96         18        359          8
dcp         -110        -30        407          5
dcp         -117        -80        459         10
dcp         -112       -124        502          5
dcp          -91       -189        505         10
dcp          -96       -233        506          5
dcp         -134       -287        563         10
dcp         -138       -336        616         15
dcp         -127       -388        621         15
dcp         -145       -455        663         10
dcp         -165       -530        723         10
dcp         -206       -624        710         10
dcp         -216       -672        697         10
dcp         -215       -730        706         10
dcp         -236       -795        763         20
dcp         -259       -833        784         10
dcp         -282       -877        797          5
dcp         -294       -919        818          5
dcp         -295       -935        837         10
dcp         -310       -976        854          5
dcp         -314      -1019        869          8
dcp         -310      -1058        868         10
dcp         -309      -1105        871         10
dcp         -301      -1134        851          8
dcp         -299      -1152        814          5
dcp         -301      -1150        819         10
dcp         -292      -1146        801         10
dcp         -272      -1242        720          5
dcp         -253      -1294        669         10
dcp         -281      -1365        626          5
dcp         -308      -1386        596         10
mae         -322      -1406        541          5
dcp          -18         55        183         10
dcp          -15        111        218          5
dcp           -8        169        296          5
dcp            1        196        320         15
dcp          -13        214        339          5
dcp          -14        227        361         10
dcp          -19        280        428         10
dcp          -24        325        494          8
dcp          -18        361        551          5
dcp           -1        405        596         15
dcp           22        434        629          5
dcp           53        457        670          5
dcp           63        490        699          5
dcp           40        542        725          5
dcp           21        580        759          5
dcp           -2        633        821         10
dcp            3        685        857         10
dcp            1        739        902         10
dcp          -26        798        987          5
dcp          -12        829       1009         10
dcp           -3        869       1032          5
dcp           11        934       1045          5
mae           31       1023       1099         10
mto           24       -105          4         10
dcp           41       -147         11         10
dcp           52       -192         45         10
dcp           60       -246         82         20
bp            62       -281         84          5
bp            56       -273        112         15
dcp           51       -283        115         15
dcp           43       -303        115         10
dcp          -24       -368        156         15
dcp          -60       -412        192          5
dcp         -102       -437        218          5
dcp         -126       -432        233          5
dcp         -171       -425        278          5
dcp         -217       -436        317         10
dcp         -256       -476        367         15
dcp         -297       -545        401         10
dcp         -332       -580        410         10
dcp         -374       -602        423         10
dcp         -391       -688        463         10
dcp         -438       -715        488         10
dcp         -469       -743        542          5
dcp         -478       -822        619         10
dcp         -495       -847        687          5
dcp         -516       -859        737         10
dcp         -534       -859        753         10
dcp         -528       -876        795         10
dcp         -560       -858        859          8
dcp         -584       -803        890          5
dcp         -574       -762        897         10
dcp         -587       -746        896          5
dcp         -571       -727        899          5
dcp         -561       -695        903          5
dcp         -544       -665        915         10
dcp         -554       -601        990         15
dcp         -567       -604       1031          5
dcp         -563       -630       1086          5
dcp         -547       -678       1100         10
dcp         -514       -723       1126          5
mae         -502       -795       1159          5
dcp           58       -283        111         10
dcp           86       -283        151          5
dcp          123       -277        192          5
dcp          178       -290        248         15
dcp          204       -300        290          8
dcp          208       -298        311         15
dcp          186       -336        410         10
dcp          169       -388        460         18
dcp          146       -418        482         10
dcp          141       -473        516          5
dcp          143       -516        519         10
dcp          129       -581        534         10
dcp          133       -667        531          5
dcp          122       -713        533         10
dcp          114       -753        537         10
dcp           91       -805        531         10
dcp           91       -860        525         10
dcp           99       -895        533         10
dcp          118       -969        555          5
dcp          128      -1009        566          5
dcp          135      -1071        610         15
dcp           83      -1151        700         10
dcp           77      -1223        726         10
dcp           70      -1286        754         10
dcp           90      -1388        799          5
dcp           93      -1419        817          5
dcp           90      -1498        807          5
dcp          131      -1548        796          5
dcp          198      -1599        757          5
dcp          229      -1618        749         10
dcp          261      -1584        683         10
dcp          275      -1580        622          5
dcp          268      -1569        580          5
mae          250      -1567        530          5
dcp           62       -283         89          8
dcp           69       -349         99         10
dcp           77       -406         94         15
dcp           98       -471         58          5
dcp          128       -531         74         10
dcp          155       -596         84         10
dcp          149       -701         75         10
dcp          136       -820         28          5
dcp          153       -964        -16          8
dcp          138      -1125        -38         15
dcp          130      -1215        -73         10
dcp          152      -1315        -87         10
dcp          165      -1411       -105          8
dcp          128      -1527        -96         15
dcp          102      -1564        -47         10
dcp           94      -1603         22          5
dcp           71      -1620        128          5
dcp           63      -1621        147          5
dcp           62      -1671        237          5
dcp           74      -1709        305         10
dcp           99      -1725        354          5
dcp          107      -1744        392          5
dcp          133      -1798        429         10
dcp          159      -1816        467          5
dcp          190      -1837        474         10
dcp          228      -1878        487          5
dcp          258      -1910        522         10
dcp          306      -1949        529         10
dcp          350      -1984        530         10
dcp          395      -2037        499          5
dcp          405      -2112        480          5
dcp          401      -2139        486         10
dcp          394      -2186        518         10
mae          435      -2233        549          5
mto           80        -65        -27         15
dcp          122       -109        -12         10
bp           157       -132          2         20
dcp          160       -130          8         22
dcp          198       -115          9          5
dcp          237       -108         22          5
dcp          292        -55         62         15
dcp          342        -42         83          5
dcp          400          6        102         15
dcp          450         33        123         10
dcp          502         96        135         10
dcp          579        173        123          5
dcp          621        242        100          5
dcp          652        265         77         20
dcp          722        300         74          5
dcp          776        320         72          5
dcp          846        311          5         10
mae          890        298        -84         10
dcp          158       -148         13          5
dcp          204       -173         22         10
dcp          277       -200         29          5
dcp          296       -221         47         15
dcp          337       -312         43         10
dcp          357       -435        112         10
dcp          368       -521        141          8
dcp          420       -629        214         15
dcp          450       -706        233         15
dcp          500       -794        282          5
dcp          552       -860        277         10
dcp          603       -933        276         10
dcp          656      -1019        339         15
dcp          661      -1036        359         10
dcp          662      -1088        392          5
dcp          657      -1134        401          5
dcp          636      -1196        427         10
dcp          612      -1274        439          5
dcp          601      -1337        439         10
dcp          608      -1405        475          5
dcp          623      -1462        511          5
dcp          632      -1510        502         10
dcp          634      -1578        516         15
dcp          621      -1648        543         10
dcp          623      -1694        552         10
dcp          635      -1743        559         10
dcp          625      -1811        575          5
dcp          638      -1888        660          5
dcp          662      -1901        698          5
dcp          690      -1913        706          5
mae          700      -1953        746         10
mto           99         15        -37         25
dcp          131         44        -34         10
dcp          151         34        -38          8
dcp          208         16        -39         15
bp           241         13        -39         18
dcp          245         22        -37         15
dcp          270         26        -30          2
dcp          305         45        -25          5
dcp          331         63        -24          5
bp           356         88        -13         30
dcp          356        102        -19         15
dcp          376        152         -8         10
dcp          419        220        -11          5
dcp          435        258        -29         10
dcp          466        316        -30         10
dcp          486        375        -39         10
dcp          501        459        -47         10
dcp          508        512        -65          5
dcp          524        594        -88          5
dcp          571        721        -96          5
dcp          589        773        -88          5
dcp          612        845       -124          5
dcp          607        867       -143         10
dcp          619        923       -183         15
dcp          652        979       -238         10
dcp          681       1012       -243         10
dcp          691       1064       -292          5
dcp          684       1091       -311         10
dcp          672       1099       -329         15
dcp          638       1091       -366         10
dcp          593       1106       -394          5
dcp          589       1118       -419          5
dcp          592       1147       -436         10
dcp          606       1190       -454          5
mae          632       1226       -482          5
dcp          359         76         -3          5
dcp          395         90         23         10
dcp          427         80        154         15
dcp          480         24        238         10
dcp          551         22        299          5
dcp          554         34        329          5
dcp          551        138        377         15
dcp          563        160        398          8
dcp          538        151        411         10
dcp          574        176        444          5
dcp          577        183        479          5
dcp          564        199        508          5
dcp          564        265        550          5
dcp          530        288        580         10
dcp          504        300        591          5
dcp          470        312        579          5
dcp          455        338        588         10
dcp          446        331        671         10
dcp          445        339        718          5
dcp          398        370        752          5
dcp          362        364        778          5
dcp          332        383        830          5
mae          336        349        905          5
dcp          231          5        -21         20
dcp          252        -26         -4         10
dcp          293        -90         27          5
dcp          310       -143         51          5
dcp          366       -222        112         10
dcp          409       -276        119         15
dcp          468       -337        101         10
dcp          531       -387        105         10
dcp          593       -403        150         10
dcp          631       -462        155         10
dcp          682       -516        156          5
dcp          774       -558        114         15
dcp          840       -599         99          8
dcp          880       -661        149         10
dcp          923       -698        176          5
dcp          970       -770        189          5
dcp         1011       -842        163          2
dcp         1019       -916         89         10
dcp         1031       -988         19         10
dcp         1022      -1063         11         10
dcp          990      -1142         43          8
dcp          995      -1186         65         10
dcp         1021      -1221        109          5
dcp         1037      -1255        130         10
dcp         1035      -1297        135          8
mae         1017      -1358         77          5
