No. points   1551
No. trees       2
Text  27_3b                                                                                                                   
 
 Point  Type  Tag      X       Y       Z  Thick   Name    Attachment
 
     1  SOS    0      .0      .0      .0    .1  soma    
     2  SCP    0     3.0    -2.0    -1.0    .1  
     3  SCP    0     4.0    -4.5    -1.5    .1  
     4  SCP    0     5.0    -7.0    -3.0    .1  
     5  SCP    0     7.5   -10.0    -3.0    .1  
     6  SCP    0     6.5   -12.5    -3.0    .1  
     7  SCP    0     7.0   -15.0    -3.0    .1  
     8  SCP    0     6.0   -18.5    -3.0    .1  
     9  SCP    0     4.5   -21.5    -3.0    .1  
    10  SCP    0     4.5   -24.5    -3.5    .1  
    11  SCP    0     5.5   -27.5    -3.5    .1  
    12  SCP    0     7.5   -29.5    -3.5    .1  
    13  SCP    0     8.0   -32.0    -3.5    .1  
    14  SCP    0     4.5   -34.0    -3.5    .1  
    15  SCP    0     2.5   -34.0    -3.5    .1  
    16  SCP    0      .5   -34.0    -3.5    .1  
    17  SCP    0    -1.0   -32.5    -3.5    .1  
    18  SCP    0    -2.5   -29.5    -3.5    .1  
    19  SCP    0    -4.5   -28.5    -3.5    .1  
    20  SCP    0    -7.5   -26.0    -3.5    .1  
    21  SCP    0   -13.0   -23.0    -3.5    .1  
    22  SCP    0   -12.5   -20.5    -3.5    .1  
    23  SCP    0   -14.0   -18.0    -2.5    .1  
    24  SCP    0   -16.0   -16.0    -2.5    .1  
    25  SCP    0   -16.0   -13.5    -2.5    .1  
    26  SCP    0   -13.5   -11.0    -2.5    .1  
    27  SCP    0   -13.0    -9.0    -2.5    .1  
    28  SCP    0   -11.5    -7.5    -2.5    .1  
    29  SCP    0    -7.0    -4.5    -2.5    .1  
    30  SCP    0    -5.0    -2.5    -2.5    .1  
    31  SOE    0      .0      .0      .0    .1  
    32  MTO    0     2.5   -34.0    -2.5   5.1  maindd  ------     0
    33   CP    0      .5   -45.0    -3.0   5.6  
    34   BP    0     -.5   -55.5    -1.0   8.8  
    35   BP    0    -8.0   -59.5    -1.5   7.0  
    36   BP    0   -12.5   -58.0     1.0   4.0  
    37   CP    0   -10.5   -55.5    -1.5   1.8  
    38   BP    0    -8.0   -52.5    -1.5   1.5  
    39   NE    0   -11.5   -47.5    -1.0   1.1  
    40   NE    0    -4.5   -46.0    -1.5    .8  
    41   BP    0   -15.0   -56.0     2.5   3.1  
    42   CP    0   -18.0   -58.5     2.5   1.7  
    43   CP    0   -19.5   -63.5     2.5   1.2  
    44   NE    0   -22.0   -68.5     2.5   1.0  
    45   BP    0   -16.5   -55.0     2.0   2.1  
    46   CP    0   -19.5   -56.5     2.0   1.0  
    47   CP    0   -21.5   -59.0     2.0   1.0  
    48   CP    0   -24.5   -62.5      .0    .8  
    49   BP    0   -25.0   -64.5     -.5    .8  
    50   NE    0   -23.0   -66.0     -.5    .8  
    51   CP    0   -30.5   -64.5      .0    .8  
    52   BP    0   -34.0   -65.5      .0   1.0  
    53   BP    0   -36.0   -63.5      .0   1.1  
    54   CP    0   -35.5   -57.5      .0    .9  
    55   NE    0   -31.5   -55.5      .0    .9  
    56   CP    0   -39.5   -63.0      .0    .9  
    57   NE    0   -41.0   -58.5      .0    .9  
    58   BP    0   -34.0   -68.0      .0   1.2  
    59   CP    0   -41.0   -69.5      .0   1.0  
    60   CP    0   -47.0   -72.0      .0   1.0  
    61   NE    0   -50.0   -68.5      .0    .8  
    62   CP    0   -33.0   -71.0      .0    .9  
    63   NE    0   -30.0   -71.5      .0    .9  
    64   CP    0   -16.5   -50.5     -.5   1.8  
    65   BP    0   -17.5   -48.0     -.5   1.9  
    66   BP    0   -19.0   -46.0     -.5   1.1  
    67   CP    0   -21.0   -46.0     -.5   1.1  
    68   NE    0   -24.0   -49.5      .0    .9  
    69   CP    0   -23.0   -43.0    -2.0    .9  
    70   CP    0   -20.5   -42.0    -2.0    .9  
    71   NE    0   -19.0   -39.0    -2.0    .9  
    72   CP    0   -14.5   -43.0    -1.0   1.4  
    73   CP    0   -10.5   -40.0    -1.0   1.4  
    74   CP    0    -6.0   -38.5    -1.0   1.4  
    75   CP    0    -1.5   -36.5    -3.5   1.4  
    76   BP    0     1.5   -35.5    -3.5   2.0  
    77   CP    0     4.5   -32.5    -3.5   1.6  
    78   BP    0     6.0   -29.5    -3.5   1.8  
    79   CP    0     5.0   -23.5    -3.5   1.6  
    80   BP    0     8.0   -19.5    -3.5   1.1  
    81   NE    0     8.0   -14.5    -3.0   1.1  
    82   NE    0     9.5   -16.5    -6.0   1.1  
    83   CP    0    10.0   -28.0    -2.0   1.2  
    84   CP    0    10.0   -25.0    -2.0    .8  
    85   NE    0    10.5   -22.5    -2.0    .8  
    86   CP    0     6.5   -36.5    -3.5   1.8  
    87   BP    0    11.0   -36.5    -3.5   1.8  
    88   NE    0     7.5   -32.0    -3.5   1.1  
    89   BP    0    16.0   -35.5    -3.5   1.1  
    90   NE    0    21.5   -35.5    -1.5    .9  
    91   BP    0    17.0   -33.5    -3.5   1.0  
    92   CP    0    18.0   -29.5    -3.5   1.0  
    93   NE    0    16.0   -25.5    -3.5   1.0  
    94   CP    0    21.5   -30.5    -1.0   1.0  
    95   CP    0    25.0   -30.5    -1.0   1.0  
    96   BP    0    26.0   -31.0    -1.0   1.0  
    97   CP    0    31.5   -32.0    -1.0   1.0  
    98   NE    0    38.0   -32.5    -1.0   1.0  
    99   CP    0    32.5   -29.0    -1.0   1.0  
   100   BP    0    34.0   -27.0     1.5   1.0  
   101   NE    0    42.0   -28.5     1.5   1.0  
   102   CP    0    34.0   -23.5     1.0   1.0  
   103   CP    0    36.0   -21.5     1.0   1.0  
   104   BP    0    39.5   -19.0     1.0   1.0  
   105   BP    0    43.0   -19.5     1.0   1.0  
   106   NE    0    43.0   -17.5     1.0   1.0  
   107   NE    0    46.0   -23.0     1.0   1.0  
   108   CP    0    37.5   -14.0     1.5   1.0  
   109   NE    0    37.5   -10.5     1.5   1.0  
   110   CP    0    -7.5   -68.0     4.0   5.2  
   111   BP    0    -7.0   -73.0     4.0   6.7  
   112   BP    0   -13.0   -74.5     3.5   4.3  
   113   BP    0   -19.5   -73.0     3.5   3.0  
   114   CP    0   -21.5   -71.0     3.5   2.2  
   115   BP    0   -22.5   -69.5     4.5   1.8  
   116   NE    0   -22.5   -66.5     4.5   1.5  
   117   NE    0   -28.0   -72.0     4.5   1.3  
   118   CP    0   -23.0   -78.5     3.5   1.3  
   119   CP    0   -25.5   -80.5     3.5   1.3  
   120   BP    0   -28.0   -80.5     3.5   1.5  
   121   CP    0   -34.5   -75.5     3.5   1.3  
   122   BP    0   -37.0   -76.0     3.5   1.5  
   123   NE    0   -44.0   -83.5     2.5   1.2  
   124   CP    0   -42.5   -76.0     3.5   1.2  
   125   CP    0   -49.5   -82.0     3.5   1.2  
   126   CP    0   -61.0   -83.0     3.5   1.2  
   127   CP    0   -64.5   -86.5     3.5   1.2  
   128   BP    0   -72.5   -88.5     3.5   1.2  
   129   NE    0   -76.5   -88.0     3.5   1.1  
   130   NE    0   -75.5   -92.5     3.5    .9  
   131   CP    0   -33.0   -83.0     3.5    .9  
   132   CP    0   -34.5   -86.0     3.5    .9  
   133   NE    0   -32.0   -92.0     3.5    .9  
   134   BP    0   -17.5   -79.5     3.5   1.3  
   135   CP    0   -18.5   -84.0     3.5    .8  
   136   CP    0   -16.5   -84.5     3.5    .8  
   137   CP    0   -14.0   -83.0     3.5    .8  
   138   NE    0   -11.5   -81.0     3.5    .8  
   139   CP    0   -23.0   -85.0     3.5   1.3  
   140   CP    0   -30.0   -90.0     3.5   1.4  
   141   CP    0   -33.5   -90.5     3.5   1.4  
   142   BP    0   -40.0   -91.5     3.5   1.9  
   143   CP    0   -45.5   -89.0     3.5   1.4  
   144   CP    0   -49.0   -85.5     3.5   1.4  
   145   CP    0   -51.0   -84.0     3.5    .8  
   146   BP    0   -51.0   -81.5     3.5   1.1  
   147   CP    0   -53.0   -79.0     2.5    .9  
   148   CP    0   -55.0   -78.5     2.5    .9  
   149   CP    0   -57.0   -79.0     3.0    .9  
   150   CP    0   -60.5   -81.0     3.0    .9  
   151   CP    0   -62.5   -81.0     3.0    .8  
   152   NE    0   -65.0   -80.5     3.0    .8  
   153   CP    0   -51.5   -76.5     1.5    .8  
   154   BP    0   -54.0   -75.5     3.0    .8  
   155   BP    0   -55.0   -71.5     1.0    .8  
   156   NE    0   -52.0   -69.0     1.0    .8  
   157   NE    0   -56.0   -69.0     1.0    .8  
   158   CP    0   -60.0   -73.5     -.5    .8  
   159   CP    0   -60.5   -70.0     -.5    .8  
   160   CP    0   -60.0   -64.5     -.5    .8  
   161   CP    0   -63.5   -61.0     -.5    .8  
   162   NE    0   -63.5   -57.0     -.5    .8  
   163   CP    0   -48.0   -93.0     3.5   1.1  
   164   CP    0   -55.0   -97.5     3.5   1.1  
   165   CP    0   -59.5   -99.5     3.5   1.1  
   166   CP    0   -62.0   -99.5     3.5   1.1  
   167   CP    0   -66.5   -96.5     2.0   1.1  
   168   CP    0   -73.0   -98.5     2.0   1.1  
   169   CP    0   -80.5   -99.5     2.0   1.1  
   170   NE    0   -86.0   -99.0     2.0   1.1  
   171   BP    0    -5.0   -81.0     4.0   6.6  
   172   BP    0    -9.0   -85.0     2.5   2.8  
   173   CP    0    -7.0   -87.5     3.5   2.0  
   174   NE    0    -6.5   -90.5     3.5   1.1  
   175   CP    0   -13.0   -87.5     2.5   1.6  
   176   BP    0   -16.5   -90.0     2.5   3.5  
   177   CP    0   -22.5   -88.0     2.5   1.7  
   178   CP    0   -29.0   -86.5     2.5   1.7  
   179   CP    0   -34.5   -84.5     1.5   1.7  
   180   CP    0   -37.5   -83.0     3.0   1.7  
   181   BP    0   -40.0   -78.0     3.0   1.0  
   182   CP    0   -42.5   -76.5     3.0   1.0  
   183   CP    0   -46.0   -78.0     3.0   1.0  
   184   CP    0   -49.0   -82.0     3.0   1.0  
   185   NE    0   -50.0   -83.0     3.0    .8  
   186   CP    0   -37.0   -72.5     3.0    .8  
   187   CP    0   -35.5   -71.0     3.5    .7  
   188   NE    0   -31.5   -73.0     3.5    .7  
   189   BP    0   -21.0   -96.5     3.5   3.0  
   190   BP    0   -26.0   -95.0     3.0   1.6  
   191   CP    0   -24.0   -92.0     3.0   1.4  
   192   CP    0   -21.5   -90.0     3.0   1.2  
   193   CP    0   -15.5   -86.0     3.0   1.2  
   194   NE    0   -10.0   -80.5     3.0   1.0  
   195   BP    0   -27.0   -96.0     3.0   1.1  
   196   NE    0   -33.5   -95.5     3.0    .8  
   197   CP    0   -30.5   -98.5     3.0    .8  
   198   BP    0   -34.5   -99.5     3.0    .9  
   199   CP    0   -41.0   -98.0     3.0    .8  
   200   CP    0   -45.0   -97.0     3.0    .8  
   201   NE    0   -50.5   -95.5     3.0    .7  
   202   CP    0   -38.5  -101.0     3.0    .7  
   203   CP    0   -47.0  -102.0     3.0    .7  
   204   CP    0   -52.0  -100.5     3.0    .7  
   205   CP    0   -54.5   -99.0     3.0    .7  
   206   NE    0   -58.0  -100.5     3.0    .6  
   207   BP    0   -25.0  -102.5     4.5   2.7  
   208   CP    0   -23.0  -104.5     4.0   1.8  
   209   BP    0   -29.0  -114.0     4.0   1.7  
   210   BP    0   -32.5  -115.5     4.0   1.3  
   211   NE    0   -30.0  -119.5     4.0    .9  
   212   CP    0   -36.0  -121.0     4.0    .9  
   213   NE    0   -37.5  -135.0     4.0    .9  
   214   CP    0   -30.5  -117.5     4.0    .9  
   215   CP    0   -33.5  -122.5     4.0    .9  
   216   CP    0   -33.5  -125.5     4.0    .9  
   217   NE    0   -30.5  -132.0     4.0    .9  
   218   CP    0   -30.0  -106.5     4.5   1.8  
   219   BP    0   -35.5  -109.0     4.5   3.2  
   220   CP    0   -43.5  -106.5     4.5   1.7  
   221   BP    0   -49.0  -107.0     4.5   2.0  
   222   CP    0   -56.0  -104.0     4.5   1.4  
   223   CP    0   -63.0  -104.5     4.5   1.4  
   224   CP    0   -68.5  -107.0     4.5   1.4  
   225   CP    0   -75.0   -97.0     5.0   1.4  
   226   CP    0   -76.5   -94.0     4.5   1.1  
   227   NE    0   -81.5   -95.0     4.5    .9  
   228   CP    0   -55.5  -109.5     4.5   1.5  
   229   BP    0   -62.5  -109.5     4.5   1.5  
   230   NE    0   -67.0  -108.0     4.5    .8  
   231   CP    0   -72.0  -112.0     5.5    .8  
   232   BP    0   -77.5  -110.5     6.5   1.0  
   233   CP    0   -78.5  -118.0     6.5   1.0  
   234   NE    0   -84.0  -120.5     6.5    .8  
   235   BP    0   -80.0  -109.0     6.0    .7  
   236   CP    0   -81.5  -113.5     6.0    .7  
   237   BP    0   -84.5  -115.5     6.0    .7  
   238   NE    0   -89.0  -111.0     6.0    .7  
   239   CP    0   -87.0  -119.5     6.0    .7  
   240   CP    0   -87.0  -121.0     6.0    .7  
   241   NE    0   -84.5  -122.5     6.0    .7  
   242   NE    0   -81.5  -105.5     5.0    .7  
   243   CP    0   -41.0  -115.5     4.5   1.6  
   244   BP    0   -46.0  -118.0     4.5   3.5  
   245   CP    0   -53.5  -114.0     4.5   1.8  
   246   CP    0   -60.5  -119.0     4.5   1.8  
   247   CP    0   -65.0  -120.5     4.5   1.6  
   248   CP    0   -70.0  -117.0     4.5   1.4  
   249   BP    0   -78.0  -127.5     5.0   1.2  
   250   BP    0   -79.5  -127.0     5.0   1.1  
   251   BP    0   -85.5  -123.5     5.0   1.0  
   252   CP    0   -91.5  -123.5     4.0   1.0  
   253   NE    0   -99.0  -121.0     4.0    .7  
   254   BP    0   -89.5  -121.0     5.0    .6  
   255   CP    0   -93.0  -120.5     5.0    .6  
   256   BP    0   -94.5  -117.5     5.0    .4  
   257   NE    0   -96.5  -115.5     5.0    .4  
   258   NE    0   -93.0  -116.5     5.0    .4  
   259   NE    0   -88.0  -118.5     5.0    .4  
   260   NE    0   -87.5  -126.0     5.0    .4  
   261   NE    0   -80.5  -129.0     5.0    .4  
   262   BP    0   -47.0  -120.5     4.5   1.8  
   263   BP    0   -44.5  -129.0     4.5   1.6  
   264   CP    0   -42.5  -135.5     4.5   1.0  
   265   CP    0   -43.5  -142.0     4.5    .8  
   266   CP    0   -45.5  -142.0     4.5    .8  
   267   CP    0   -47.0  -144.0     4.5    .8  
   268   NE    0   -48.5  -143.5     4.5    .8  
   269   CP    0   -47.5  -136.5     4.5    .8  
   270   BP    0   -50.0  -141.5     4.5    .8  
   271   BP    0   -46.5  -143.5     4.5    .8  
   272   NE    0   -46.5  -147.0     4.5    .8  
   273   NE    0   -41.5  -143.5     4.0    .8  
   274   CP    0   -53.5  -145.0     4.5    .8  
   275   NE    0   -57.0  -146.5     4.5    .5  
   276   CP    0   -51.0  -123.0     4.5   1.5  
   277   BP    0   -54.0  -126.0     4.5   2.0  
   278   CP    0   -51.5  -134.0     4.5   1.0  
   279   CP    0   -53.5  -139.5     4.5   1.0  
   280   NE    0   -59.0  -141.0     5.5    .6  
   281   BP    0   -60.5  -130.0     6.0   1.7  
   282   CP    0   -68.5  -128.5     6.0   1.0  
   283   CP    0   -71.0  -130.0     6.0    .8  
   284   CP    0   -74.0  -132.5     6.0    .8  
   285   CP    0   -80.0  -133.0     6.0    .8  
   286   NE    0   -87.0  -140.0     6.0    .5  
   287   CP    0   -65.5  -136.0     6.0    .6  
   288   CP    0   -70.5  -142.5     6.0    .6  
   289   BP    0   -72.5  -143.0     6.0    .6  
   290   BP    0   -77.0  -140.0     6.0    .6  
   291   CP    0   -74.5  -128.0     6.0    .6  
   292   NE    0   -73.0  -125.0     6.0    .6  
   293   NE    0   -80.5  -141.0     6.0    .6  
   294   CP    0   -79.5  -152.0     6.0    .6  
   295   NE    0   -83.5  -156.5     6.0    .6  
   296   CP    0     -.5   -90.0     6.5   4.8  
   297   BP    0     -.5   -95.0     6.5   4.8  
   298   BP    0     4.5   -88.5     6.5   2.5  
   299   CP    0     2.5   -83.5     6.5   1.3  
   300   BP    0     2.5   -82.5     6.0   1.3  
   301   NE    0      .0   -81.5     6.0    .9  
   302   NE    0     3.0   -76.5     6.0    .9  
   303   BP    0     9.5   -89.0     7.0   2.1  
   304   CP    0    12.5   -90.5     7.0   1.2  
   305   CP    0    16.0   -96.5     7.0   1.2  
   306   CP    0     9.0  -101.0     7.0   1.2  
   307   BP    0     7.5  -105.0     5.5   1.2  
   308   CP    0     4.0  -107.5     5.5   1.1  
   309   CP    0     4.5  -112.0     5.5   1.1  
   310   CP    0     4.5  -118.5     5.5   1.1  
   311   BP    0     3.5  -119.5     5.5    .5  
   312   NE    0     3.5  -121.5     5.5    .5  
   313   NE    0     2.0  -121.0     5.5    .6  
   314   CP    0     9.0  -118.0     6.0    .8  
   315   NE    0     7.0  -127.5     6.0    .6  
   316   CP    0    13.0   -85.0     6.5   1.4  
   317   CP    0    10.5   -79.5     8.0   1.4  
   318   CP    0     4.5   -75.0     7.5   1.4  
   319   CP    0    -1.0   -70.0     7.5   1.0  
   320   NE    0     1.5   -67.0     7.5   1.0  
   321   CP    0    -1.0  -104.5     6.5   3.1  
   322   BP    0    -2.0  -111.0     6.5   5.0  
   323   CP    0    -8.0  -108.5     6.5   2.0  
   324   BP    0   -11.0  -106.0     6.5   2.5  
   325   CP    0   -13.5  -106.0     6.5   1.5  
   326   CP    0   -15.5  -102.5     6.5   1.5  
   327   CP    0   -22.5  -104.5     6.5   1.3  
   328   CP    0   -26.0  -106.0     6.5   1.3  
   329   BP    0   -29.5  -104.0     6.5   1.2  
   330   NE    0   -33.0  -101.5     6.5    .8  
   331   CP    0   -37.0  -107.0     8.0    .8  
   332   BP    0   -39.5  -106.5     8.0    .8  
   333   NE    0   -43.5  -106.0     8.0    .8  
   334   NE    0   -39.5  -104.5     8.0    .6  
   335   BP    0   -11.0  -102.5     6.5   1.8  
   336   CP    0   -12.0   -99.0     6.5   1.2  
   337   BP    0   -11.5   -96.5     6.5   1.2  
   338   CP    0   -15.5   -92.5     6.5   1.2  
   339   CP    0   -24.0   -95.0     6.5   1.0  
   340   NE    0   -28.0   -94.5     6.5    .8  
   341   CP    0   -10.5   -92.0     6.5    .8  
   342   CP    0   -12.0   -89.5     6.5    .8  
   343   NE    0   -15.5   -91.0     6.5    .8  
   344   BP    0    -9.0   -98.5     6.5   1.4  
   345   CP    0    -6.5   -93.0     7.0   1.1  
   346   NE    0    -5.5   -88.0     7.0    .9  
   347   NE    0    -2.5   -96.5     7.0    .9  
   348   BP    0    -1.5  -119.5     6.5   5.7  
   349   CP    0    -8.0  -125.0     6.5   2.7  
   350   BP    0   -10.0  -127.5     6.5   3.6  
   351   BP    0   -13.5  -125.0     6.5   2.4  
   352   CP    0   -20.0  -127.0     7.0   1.5  
   353   CP    0   -28.0  -127.0     7.0   1.3  
   354   CP    0   -31.5  -125.5     7.0   1.3  
   355   NE    0   -32.5  -124.0     7.0    .9  
   356   BP    0   -13.5  -122.0     7.5   1.6  
   357   BP    0   -17.5  -116.5     7.5   1.2  
   358   NE    0   -14.5  -114.0     7.5    .9  
   359   BP    0   -20.5  -115.0     7.5   1.1  
   360   CP    0   -23.0  -119.0     7.5    .9  
   361   NE    0   -24.0  -120.0     7.5    .6  
   362   NE    0   -22.0  -111.5     9.0    .6  
   363   BP    0    -8.0  -115.5     7.5    .7  
   364   NE    0    -5.5  -114.5     7.5    .7  
   365   NE    0    -5.5  -116.0     7.5    .7  
   366   BP    0   -11.0  -130.0     7.5   2.7  
   367   CP    0   -10.0  -136.0     7.5   1.3  
   368   CP    0   -11.0  -138.5     7.5   1.1  
   369   NE    0   -15.0  -144.5     7.5    .7  
   370   CP    0   -19.0  -136.5     7.5   1.6  
   371   BP    0   -25.0  -141.5     7.5   1.7  
   372   CP    0   -32.5  -138.0     7.5   1.2  
   373   BP    0   -34.0  -138.5     7.5   1.2  
   374   CP    0   -36.0  -133.5     7.5    .8  
   375   BP    0   -35.5  -131.5     7.5    .8  
   376   NE    0   -39.5  -130.0     7.5    .3  
   377   NE    0   -33.0  -130.0     7.5    .4  
   378   NE    0   -40.5  -144.0     7.5    .8  
   379   BP    0   -27.0  -146.0     7.0   1.6  
   380   CP    0   -29.0  -154.5     7.0   1.2  
   381   BP    0   -30.5  -156.5     7.0   1.0  
   382   NE    0   -32.0  -159.5     7.0    .7  
   383   NE    0   -35.5  -158.0     7.0    .7  
   384   BP    0   -31.0  -149.0     7.0   1.9  
   385   CP    0   -36.0  -149.0     7.5   1.4  
   386   BP    0   -38.0  -151.0     7.5   1.7  
   387   CP    0   -43.5  -150.0     7.5   1.2  
   388   CP    0   -49.5  -151.0     7.5   1.2  
   389   BP    0   -50.5  -151.0     7.5   1.2  
   390   CP    0   -54.0  -150.0     7.5    .9  
   391   NE    0   -56.5  -144.0     7.5    .9  
   392   CP    0   -60.5  -152.5     8.0    .9  
   393   CP    0   -64.5  -156.0     8.0    .9  
   394   NE    0   -67.0  -166.0     7.5    .9  
   395   CP    0   -45.5  -156.5     4.5    .9  
   396   CP    0   -54.5  -162.5     4.5    .9  
   397   NE    0   -58.0  -164.0     5.0    .9  
   398   BP    0   -33.0  -153.5     7.0    .9  
   399   CP    0   -36.0  -153.5     7.0    .7  
   400   CP    0   -39.0  -160.0     7.0    .7  
   401   NE    0   -40.0  -163.5     7.0    .7  
   402   BP    0   -40.0  -155.0     7.0    .7  
   403   NE    0   -41.5  -151.5     7.0    .7  
   404   BP    0   -44.5  -157.0     7.0    .7  
   405   CP    0   -48.5  -155.5     7.0    .7  
   406   NE    0   -51.5  -152.5     7.0    .7  
   407   NE    0   -48.5  -164.5     7.0    .7  
   408   BP    0     -.5  -129.0     7.0   6.2  
   409   BP    0    10.0  -131.5     7.0   3.5  
   410   CP    0    11.5  -126.5     7.0   2.0  
   411   CP    0    13.0  -122.5     8.0   1.8  
   412   BP    0    20.0  -125.0     8.0   1.5  
   413   BP    0    20.0  -121.0     8.0   1.1  
   414   CP    0    12.5  -114.5     8.0   1.1  
   415   CP    0    12.5  -109.5     8.0   1.1  
   416   NE    0    15.0  -108.5     8.5    .7  
   417   CP    0    21.5  -118.0     8.0   1.2  
   418   BP    0    20.5  -114.5     9.0   1.2  
   419   NE    0    17.0  -109.5     9.0    .9  
   420   BP    0    29.0  -112.5     9.0    .9  
   421   NE    0    33.0  -110.5    11.5    .9  
   422   CP    0    33.5  -114.5     9.0    .9  
   423   BP    0    38.0  -112.0     9.0    .9  
   424   BP    0    34.5  -106.5     9.0    .9  
   425   NE    0    36.5  -105.0     9.0    .6  
   426   NE    0    32.0  -104.5     9.0    .6  
   427   NE    0    42.5  -112.0     9.0    .6  
   428   BP    0    22.5  -125.5     8.0    .8  
   429   BP    0    26.0  -121.5     8.0   1.2  
   430   CP    0    26.0  -118.5     8.0    .7  
   431   CP    0    27.0  -116.5     8.0    .7  
   432   NE    0    29.5  -117.0     8.0    .7  
   433   CP    0    30.5  -120.5     8.0   1.1  
   434   CP    0    33.5  -116.0     8.0    .8  
   435   NE    0    38.0  -114.0     8.0    .8  
   436   CP    0    25.0  -126.5     8.5   1.0  
   437   NE    0    30.5  -125.5     8.5   1.0  
   438   BP    0    13.5  -134.0     8.5   3.5  
   439   BP    0     9.0  -138.5     9.0   1.8  
   440   CP    0     6.5  -136.5     9.0   1.2  
   441   NE    0     3.0  -137.5     8.5   1.0  
   442   BP    0     8.5  -142.0     9.0   2.0  
   443   CP    0    13.0  -147.5     9.0   1.0  
   444   CP    0    13.0  -151.5     9.0   1.0  
   445   CP    0     9.0  -154.0     9.0   1.0  
   446   NE    0     6.5  -164.0     9.5    .7  
   447   BP    0     6.5  -142.0     9.0   1.6  
   448   CP    0     4.0  -141.5     9.0   1.5  
   449   BP    0    -2.0  -148.0     9.0   1.2  
   450   CP    0    -4.0  -148.0     9.0    .8  
   451   CP    0    -6.0  -155.5     9.0    .8  
   452   NE    0    -6.0  -160.0     9.5    .8  
   453   CP    0    -3.0  -153.0     9.0    .8  
   454   NE    0    -3.5  -158.0     9.0    .8  
   455   NE    0     6.0  -153.0     9.5    .8  
   456   BP    0    15.0  -135.5     8.5   2.8  
   457   CP    0    18.5  -134.0     8.5    .9  
   458   BP    0    21.5  -130.5     8.5    .9  
   459   NE    0    14.5  -128.0     8.5    .6  
   460   BP    0    23.5  -130.0     8.5    .7  
   461   NE    0    25.5  -128.0     8.5    .6  
   462   BP    0    26.0  -131.5     8.5    .6  
   463   NE    0    26.0  -134.0     8.5    .6  
   464   NE    0    31.5  -128.5     8.5    .6  
   465   CP    0    19.0  -138.0     9.0   1.8  
   466   BP    0    19.0  -142.0     9.0   2.3  
   467   CP    0    21.0  -146.5     8.5   1.4  
   468   CP    0    25.5  -149.0     8.5   1.4  
   469   CP    0    30.0  -146.0     8.5   1.4  
   470   BP    0    30.5  -144.5     9.0   2.1  
   471   BP    0    32.0  -141.0     9.0   1.3  
   472   BP    0    26.0  -138.0     9.5   1.3  
   473   CP    0    24.0  -140.0     9.5   1.0  
   474   NE    0    24.0  -142.5     9.5    .8  
   475   NE    0    28.0  -133.0     9.5    .8  
   476   CP    0    36.5  -138.5     9.0    .8  
   477   BP    0    38.0  -136.5     9.0    .8  
   478   NE    0    41.0  -132.0     9.0    .8  
   479   NE    0    45.0  -137.5     9.0    .6  
   480   CP    0    35.0  -147.5     7.5    .6  
   481   CP    0    40.0  -148.0     7.5    .6  
   482   CP    0    43.5  -148.5     7.5    .6  
   483   NE    0    47.5  -146.5     7.5    .6  
   484   CP    0    15.5  -148.5     9.0    .6  
   485   CP    0    17.5  -152.5     9.0    .6  
   486   CP    0    23.0  -154.0     9.0    .6  
   487   CP    0    27.5  -156.5    10.0    .6  
   488   CP    0    33.5  -157.5    10.0    .6  
   489   NE    0    37.5  -156.0    10.0    .6  
   490   BP    0    -3.0  -135.5     7.0   5.3  
   491   CP    0    -9.5  -143.0     9.0   1.3  
   492   CP    0   -13.0  -146.5     9.0   1.3  
   493   BP    0   -17.0  -149.0     9.0   1.7  
   494   CP    0   -20.0  -145.0     9.0   1.7  
   495   CP    0   -21.0  -143.5     9.0   1.2  
   496   CP    0   -18.5  -140.0     9.0   1.0  
   497   CP    0   -18.5  -137.0    10.0   1.0  
   498   BP    0   -24.0  -131.5    10.0    .9  
   499   NE    0   -27.5  -133.5    10.0    .8  
   500   CP    0   -25.0  -128.0    10.0    .8  
   501   CP    0   -23.0  -123.0    10.0    .8  
   502   NE    0   -22.0  -120.5    10.0    .8  
   503   BP    0   -18.5  -152.5    10.0   1.5  
   504   CP    0   -19.0  -158.0    10.0   1.2  
   505   CP    0   -23.0  -163.0     9.5   1.2  
   506   CP    0   -27.0  -165.5     9.5    .8  
   507   CP    0   -31.0  -167.5     9.5    .8  
   508   NE    0   -35.0  -166.0     9.5    .5  
   509   BP    0   -21.5  -152.5    10.0   1.0  
   510   CP    0   -26.0  -153.0    10.0    .5  
   511   NE    0   -29.0  -152.0    10.0    .5  
   512   CP    0   -25.5  -157.0    10.0    .9  
   513   CP    0   -29.5  -160.5    10.0    .9  
   514   CP    0   -36.5  -160.0    10.0    .9  
   515   NE    0   -37.5  -159.0    10.0    .6  
   516   BP    0    -4.0  -142.5    10.0   5.1  
   517   CP    0     3.0  -146.5    10.0   1.9  
   518   CP    0     1.0  -153.0    10.0   1.9  
   519   BP    0     2.0  -157.0    10.5   2.4  
   520   BP    0     9.0  -159.0     9.0   2.0  
   521   BP    0    14.0  -157.5    10.0   1.7  
   522   CP    0    19.5  -155.5    10.0   1.2  
   523   NE    0    23.0  -155.5     9.5   1.2  
   524   CP    0    18.0  -162.0    10.0    .7  
   525   NE    0    19.5  -167.5    10.0    .7  
   526   CP    0    11.5  -162.5     9.0    .8  
   527   CP    0     9.0  -165.5     9.0    .8  
   528   CP    0    11.0  -170.0     9.0    .8  
   529   CP    0    15.5  -174.5     9.5    .8  
   530   CP    0    18.5  -176.5     9.5    .8  
   531   CP    0    13.0  -179.5     9.5    .8  
   532   NE    0     9.5  -182.5     9.5    .8  
   533   BP    0     1.5  -164.0    10.0   2.0  
   534   CP    0    -4.5  -166.5    10.0   2.0  
   535   BP    0   -11.5  -170.0    10.0   2.0  
   536   CP    0   -14.0  -170.0    10.0   1.2  
   537   CP    0   -19.0  -173.5    10.5   1.2  
   538   CP    0   -27.0  -179.5     9.5   1.2  
   539   CP    0   -31.5  -184.5     9.5   1.2  
   540   CP    0   -40.0  -183.0     9.5    .9  
   541   NE    0   -42.5  -183.5     9.5    .9  
   542   BP    0   -16.5  -179.0    10.0   1.6  
   543   BP    0   -15.5  -181.0    10.0   1.4  
   544   CP    0   -11.0  -183.0    10.0   1.2  
   545   CP    0   -10.0  -184.5    10.0   1.2  
   546   BP    0   -10.5  -188.5    10.0   1.2  
   547   CP    0    -8.0  -187.5    10.0   1.0  
   548   NE    0    -6.0  -191.0    10.5    .8  
   549   NE    0   -13.0  -192.0    10.0    .8  
   550   CP    0   -16.5  -184.0    10.0   1.1  
   551   CP    0   -13.5  -188.0    10.5   1.1  
   552   BP    0   -15.0  -190.5    10.5    .7  
   553   NE    0   -11.0  -196.0    11.0    .7  
   554   CP    0   -19.5  -197.5    10.5   1.0  
   555   NE    0   -19.5  -203.0    10.5    .8  
   556   BP    0   -23.5  -182.5    10.0   1.4  
   557   CP    0   -26.5  -182.5    10.0    .9  
   558   BP    0   -29.0  -181.0    10.0    .9  
   559   CP    0   -27.5  -177.0    10.5    .9  
   560   CP    0   -24.5  -173.0    10.5    .9  
   561   CP    0   -24.0  -170.0    10.5    .9  
   562   CP    0   -33.0  -164.0    10.5    .9  
   563   CP    0   -34.0  -162.5    10.5    .9  
   564   NE    0   -28.0  -155.5    11.0    .6  
   565   NE    0   -34.0  -177.5    10.0    .6  
   566   CP    0   -30.5  -188.5     9.5    .6  
   567   CP    0   -34.5  -191.0     9.5    .6  
   568   NE    0   -42.5  -192.0     9.5    .6  
   569   NE    0     3.5  -172.0    10.0    .7  
   570   CP    0    -9.0  -152.5    10.0   5.7  
   571   BP    0   -12.0  -158.5    10.0   8.4  
   572   CP    0   -20.0  -163.5    10.0   2.7  
   573   CP    0   -27.0  -168.5     9.5   2.7  
   574   BP    0   -31.0  -171.0     9.5   4.0  
   575   CP    0   -35.5  -167.5     9.5   2.0  
   576   BP    0   -39.0  -168.5     9.5   2.5  
   577   CP    0   -42.0  -166.5     9.5   1.5  
   578   CP    0   -46.5  -167.5     9.5   1.1  
   579   BP    0   -49.5  -166.5    10.0    .8  
   580   NE    0   -55.0  -167.0    10.0    .7  
   581   BP    0   -51.0  -165.0    10.0    .7  
   582   NE    0   -48.5  -161.0    10.0    .7  
   583   NE    0   -53.5  -163.0    10.0    .7  
   584   BP    0   -41.0  -172.5     9.0   1.4  
   585   BP    0   -49.0  -172.0    10.0   1.1  
   586   NE    0   -50.0  -168.0    10.0    .7  
   587   NE    0   -58.0  -170.5    10.0    .7  
   588   CP    0   -42.0  -175.0     9.0   1.4  
   589   BP    0   -46.0  -177.5    10.0   1.4  
   590   BP    0   -48.0  -177.0    10.0   1.4  
   591   CP    0   -50.5  -173.0    10.0    .9  
   592   NE    0   -52.5  -172.0    10.0    .8  
   593   BP    0   -53.0  -177.5    10.0   1.4  
   594   CP    0   -57.0  -174.0    10.0   1.2  
   595   NE    0   -65.0  -173.0    10.5    .7  
   596   CP    0   -57.5  -182.5    10.0    .8  
   597   CP    0   -62.5  -183.5    10.0    .8  
   598   NE    0   -64.0  -186.0    10.0    .8  
   599   BP    0   -52.0  -182.0    10.0    .9  
   600   CP    0   -55.0  -181.0    10.0    .9  
   601   CP    0   -60.5  -184.0    10.0    .9  
   602   NE    0   -62.5  -183.5    10.0    .7  
   603   NE    0   -58.0  -186.5    10.0    .7  
   604   BP    0   -32.5  -172.5     9.5   4.0  
   605   CP    0   -33.0  -181.0     9.5   1.3  
   606   BP    0   -37.0  -187.5     9.5   1.3  
   607   NE    0   -41.0  -186.5     9.5    .8  
   608   NE    0   -42.5  -190.5     9.5    .8  
   609   CP    0   -39.0  -178.5     9.0   3.0  
   610   BP    0   -45.0  -184.5     9.0   4.7  
   611   BP    0   -50.5  -186.0     9.5   3.4  
   612   CP    0   -51.0  -190.5    10.0   1.5  
   613   BP    0   -52.5  -194.0    10.0   1.5  
   614   CP    0   -58.0  -197.0    10.0   1.1  
   615   CP    0   -60.5  -203.0    10.0   1.1  
   616   CP    0   -61.0  -207.5    10.0   1.1  
   617   CP    0   -65.0  -212.0     9.5   1.1  
   618   NE    0   -68.5  -213.5     9.5    .7  
   619   BP    0   -51.5  -196.0    10.0   1.4  
   620   NE    0   -56.0  -207.5    10.0    .8  
   621   CP    0   -57.5  -204.0    10.0    .8  
   622   CP    0   -60.0  -209.5    10.0    .8  
   623   CP    0   -63.5  -215.5    10.0    .8  
   624   NE    0   -68.5  -223.5    10.0    .8  
   625   BP    0   -57.5  -189.0     9.5   3.9  
   626   BP    0   -62.0  -188.0     9.5   2.8  
   627   NE    0   -70.0  -184.0    11.0   1.4  
   628   BP    0   -65.0  -190.0     9.5   2.3  
   629   CP    0   -73.0  -191.5    11.0   1.8  
   630   BP    0   -74.5  -195.5    11.0   1.7  
   631   CP    0   -80.5  -195.5    10.5   1.1  
   632   CP    0   -87.0  -196.5    10.5   1.1  
   633   NE    0   -94.0  -199.5    10.5    .7  
   634   CP    0   -76.5  -200.5    11.0   1.0  
   635   BP    0   -84.0  -202.5    11.0    .9  
   636   NE    0   -90.0  -202.0    11.0    .9  
   637   NE    0   -87.5  -206.5    11.0    .7  
   638   CP    0   -69.5  -197.5    12.0   1.3  
   639   BP    0   -71.5  -199.5    12.0   1.4  
   640   CP    0   -71.0  -206.5    12.0   1.2  
   641   CP    0   -79.0  -210.5    12.0   1.2  
   642   BP    0   -82.5  -212.5    12.0   1.2  
   643   CP    0   -87.0  -212.5    12.0   1.1  
   644   NE    0   -91.5  -216.5    12.0    .9  
   645   CP    0   -89.5  -218.5    12.0    .9  
   646   BP    0   -92.5  -221.5    12.0    .9  
   647   NE    0   -92.5  -225.0    12.0    .6  
   648   NE    0   -95.0  -222.5    12.0    .6  
   649   CP    0   -76.5  -202.0    12.0   1.0  
   650   BP    0   -86.0  -209.5    12.5   1.0  
   651   CP    0   -88.5  -208.5    11.0    .8  
   652   BP    0   -91.5  -210.0    11.0    .8  
   653   CP    0   -91.5  -206.0    11.0    .8  
   654   NE    0   -95.0  -203.0    11.5    .8  
   655   BP    0   -93.5  -211.0    11.0    .8  
   656   CP    0   -98.0  -211.5    11.0    .8  
   657   CP    0  -102.0  -214.0    11.0    .8  
   658   NE    0  -111.5  -218.5    10.5    .8  
   659   CP    0   -98.5  -216.0    11.0    .8  
   660   CP    0   -99.0  -220.5    11.0    .8  
   661   BP    0   -98.5  -224.0    11.0    .8  
   662   CP    0  -103.5  -222.0    11.0    .8  
   663   NE    0  -109.0  -226.0    11.0    .8  
   664   CP    0  -103.5  -229.5    11.0    .5  
   665   NE    0  -108.0  -230.0    11.0    .5  
   666   CP    0   -96.0  -216.5    12.5    .8  
   667   NE    0  -100.0  -219.0    12.5    .8  
   668   CP    0   -61.5  -199.5    10.5   1.8  
   669   BP    0   -69.5  -206.5    10.5   1.8  
   670   CP    0   -75.0  -207.5    10.5   1.5  
   671   CP    0   -82.0  -211.0    10.5   1.5  
   672   BP    0   -83.5  -213.0    10.5   1.3  
   673   CP    0   -89.0  -217.5    10.5   1.1  
   674   CP    0   -92.5  -226.5    10.5   1.1  
   675   BP    0   -96.0  -235.0    10.5   1.1  
   676   NE    0   -92.5  -242.0    10.5    .8  
   677   BP    0   -99.0  -238.0    10.5    .8  
   678   NE    0  -101.5  -241.5    10.5    .8  
   679   NE    0   -94.0  -244.0    10.5    .8  
   680   NE    0   -82.0  -216.5    11.0    .9  
   681   BP    0   -71.5  -210.5    10.5   2.0  
   682   CP    0   -80.0  -216.0    10.5   1.1  
   683   BP    0   -84.5  -222.5    10.5   1.1  
   684   CP    0   -88.0  -225.0    10.5    .9  
   685   NE    0   -94.5  -228.5    10.5    .9  
   686   BP    0   -84.0  -228.5    10.5    .9  
   687   NE    0   -79.5  -229.5    10.5    .9  
   688   BP    0   -83.0  -234.5    10.5    .9  
   689   NE    0   -77.0  -239.0    10.5    .9  
   690   NE    0   -86.0  -241.5    10.5    .9  
   691   BP    0   -72.0  -216.5    11.5   1.1  
   692   CP    0   -69.0  -216.5    12.0    .7  
   693   CP    0   -66.5  -214.5    12.0    .7  
   694   NE    0   -63.5  -213.0    12.0    .7  
   695   CP    0   -74.5  -221.5    11.5    .7  
   696   CP    0   -77.0  -226.5    11.5    .7  
   697   NE    0   -76.0  -236.0    11.5    .7  
   698   BP    0   -44.5  -194.5    11.5   3.3  
   699   CP    0   -49.5  -199.5    11.5   1.6  
   700   CP    0   -54.0  -209.5    11.5   1.6  
   701   CP    0   -59.5  -216.0    11.5   1.2  
   702   BP    0   -61.5  -220.0    12.0   1.6  
   703   CP    0   -69.0  -228.0    12.0   1.2  
   704   BP    0   -70.0  -230.5    12.0   1.2  
   705   CP    0   -79.5  -242.0    12.0   1.0  
   706   CP    0   -82.0  -247.5    12.0    .9  
   707   CP    0   -98.0  -248.0    12.0    .9  
   708   BP    0   -99.5  -248.0    12.0    .7  
   709   NE    0  -105.0  -250.5    12.0    .7  
   710   NE    0  -102.0  -246.0    12.0    .7  
   711   CP    0   -72.5  -240.0    12.0    .7  
   712   CP    0   -72.5  -244.5    12.0    .7  
   713   CP    0   -76.0  -247.0    12.0    .7  
   714   NE    0   -76.0  -251.0    12.0    .7  
   715   CP    0   -62.5  -230.5    11.5    .9  
   716   BP    0   -65.5  -235.5    10.5    .9  
   717   NE    0   -65.5  -247.0    10.5    .9  
   718   CP    0   -71.0  -243.0    11.0    .9  
   719   BP    0   -70.5  -245.5    11.0    .7  
   720   NE    0   -64.0  -249.5    11.0    .7  
   721   NE    0   -74.0  -247.5    11.0    .7  
   722   BP    0   -43.0  -197.0    11.5   3.3  
   723   CP    0   -43.0  -202.5    11.0   1.5  
   724   CP    0   -47.0  -208.5    11.0   1.5  
   725   BP    0   -52.0  -213.5    11.0   1.5  
   726   CP    0   -57.5  -219.0    11.0   1.2  
   727   BP    0   -58.0  -222.5    11.0   1.2  
   728   CP    0   -60.0  -225.5    11.0    .9  
   729   CP    0   -60.0  -231.5    11.0    .9  
   730   NE    0   -59.0  -232.5    11.0    .7  
   731   BP    0   -56.5  -225.0    11.0    .9  
   732   CP    0   -57.0  -231.5    11.0    .9  
   733   CP    0   -59.5  -235.0    11.0    .9  
   734   NE    0   -64.0  -238.0    11.0    .7  
   735   CP    0   -50.0  -227.0    11.0    .7  
   736   NE    0   -48.0  -226.5    11.0    .7  
   737   CP    0   -52.5  -220.0    11.0    .7  
   738   CP    0   -50.0  -224.5    11.0    .7  
   739   BP    0   -50.0  -230.5    11.0    .7  
   740   NE    0   -50.5  -235.5    11.0    .7  
   741   NE    0   -54.0  -234.0    11.0    .7  
   742   CP    0   -34.0  -198.0    11.5   1.8  
   743   BP    0   -31.5  -199.5    10.5   3.3  
   744   BP    0   -28.5  -197.5    11.5   1.6  
   745   CP    0   -29.0  -193.0    11.5    .9  
   746   NE    0   -24.5  -196.0    11.5    .9  
   747   BP    0   -27.0  -198.0    11.5   1.6  
   748   CP    0   -26.0  -193.5    11.5   1.3  
   749   CP    0   -28.0  -191.0    11.5    .8  
   750   NE    0   -31.0  -187.0    11.5    .8  
   751   NE    0   -23.5  -203.5    11.5    .6  
   752   BP    0   -32.0  -202.5    10.5   4.1  
   753   BP    0   -35.0  -205.0    10.5   2.6  
   754   CP    0   -40.5  -207.5    12.0   1.6  
   755   BP    0   -43.5  -212.5    12.0   1.5  
   756   CP    0   -45.5  -212.5    12.0   1.1  
   757   BP    0   -47.5  -216.0    12.0   1.1  
   758   CP    0   -50.0  -219.5    12.0   1.0  
   759   CP    0   -47.5  -224.0    12.0   1.0  
   760   CP    0   -43.5  -226.5    12.0   1.0  
   761   BP    0   -44.0  -233.5    12.0    .8  
   762   NE    0   -48.0  -236.0    12.0    .8  
   763   NE    0   -44.0  -238.5    12.0    .8  
   764   CP    0   -45.5  -219.5    11.5    .8  
   765   CP    0   -45.5  -225.0    11.5    .8  
   766   CP    0   -47.5  -230.5    11.5    .8  
   767   NE    0   -53.5  -231.0    11.5    .8  
   768   BP    0   -42.0  -220.5    12.0    .8  
   769   CP    0   -36.5  -220.5    12.0    .8  
   770   CP    0   -32.5  -226.5    12.0    .8  
   771   NE    0   -32.5  -228.0    12.0    .8  
   772   CP    0   -40.0  -226.5    11.5    .8  
   773   CP    0   -37.5  -227.0    11.5    .8  
   774   NE    0   -37.5  -232.0    11.5    .8  
   775   BP    0   -36.0  -211.5    11.5   1.3  
   776   BP    0   -32.5  -210.5    11.5   1.1  
   777   NE    0   -27.0  -204.5    12.0    .9  
   778   NE    0   -30.0  -211.0    11.5    .7  
   779   BP    0   -36.0  -212.5    11.5   1.3  
   780   NE    0   -44.5  -217.0    11.5    .9  
   781   BP    0   -33.0  -214.0    12.0    .9  
   782   CP    0   -39.5  -220.5    12.0    .9  
   783   CP    0   -40.0  -229.0    12.0    .9  
   784   CP    0   -41.5  -234.0    12.0    .9  
   785   BP    0   -36.5  -234.0    12.0    .9  
   786   NE    0   -34.5  -232.0    12.0    .9  
   787   NE    0   -35.5  -240.0    12.0    .6  
   788   CP    0   -30.5  -215.0    12.0   1.0  
   789   BP    0   -30.0  -217.0    12.0   1.0  
   790   CP    0   -26.0  -216.0    12.0   1.0  
   791   NE    0   -24.5  -214.0    12.0    .6  
   792   BP    0   -30.0  -218.0    12.0   1.0  
   793   CP    0   -34.0  -218.5    12.5   1.0  
   794   NE    0   -37.5  -217.5    12.5    .8  
   795   NE    0   -36.0  -219.0    12.0    .9  
   796   CP    0   -27.5  -210.5    11.0   1.6  
   797   BP    0   -25.0  -213.0    10.5   1.6  
   798   BP    0   -19.0  -210.0    11.0    .8  
   799   BP    0   -18.5  -206.0    11.0    .8  
   800   NE    0   -16.5  -204.5    11.0    .6  
   801   NE    0   -19.5  -204.0    11.0    .6  
   802   NE    0   -15.5  -208.5    12.0    .6  
   803   BP    0   -21.0  -215.0    14.0   1.4  
   804   CP    0   -25.5  -218.5    13.5   1.1  
   805   CP    0   -26.5  -221.5    13.5   1.1  
   806   BP    0   -27.0  -223.5    15.0   1.1  
   807   BP    0   -28.0  -227.0    15.0    .9  
   808   CP    0   -24.5  -228.5    15.0    .8  
   809   NE    0   -21.0  -227.5    15.0    .6  
   810   BP    0   -30.0  -231.5    15.0    .6  
   811   NE    0   -30.0  -237.5    15.0    .6  
   812   NE    0   -25.5  -235.5    15.0    .6  
   813   CP    0   -23.5  -222.5    15.0    .6  
   814   CP    0   -20.5  -226.5    15.0    .6  
   815   BP    0   -17.5  -231.5    15.0    .6  
   816   BP    0   -23.0  -238.5    15.0    .9  
   817   NE    0   -33.5  -245.5    15.0    .8  
   818   NE    0   -22.0  -242.0    15.0    .8  
   819   BP    0   -17.5  -236.5    15.0    .8  
   820   NE    0   -14.5  -241.0    15.0    .7  
   821   NE    0   -15.0  -236.5    15.0    .7  
   822   CP    0   -17.0  -213.0    13.0   1.1  
   823   CP    0   -14.0  -213.0    13.0   1.1  
   824   CP    0   -17.0  -216.5    13.0   1.1  
   825   BP    0   -12.0  -220.0    13.0    .7  
   826   NE    0   -14.5  -222.0    13.0    .7  
   827   NE    0    -9.0  -220.5    13.0    .7  
   828   BP    0    -5.5  -176.0    13.0   4.6  
   829   CP    0    -6.5  -181.5    13.0   2.4  
   830   BP    0    -5.0  -184.5    13.0   2.4  
   831   CP    0   -10.0  -186.0    13.0   1.5  
   832   NE    0   -15.0  -188.5    13.0   1.1  
   833   BP    0    -3.5  -185.5    13.0   2.0  
   834   CP    0    -9.0  -190.0    13.0   1.4  
   835   BP    0   -13.0  -192.5    13.0   1.2  
   836   BP    0   -15.0  -195.0    13.0   1.0  
   837   CP    0   -18.0  -201.5    12.5   1.0  
   838   NE    0   -20.5  -207.0    12.5    .7  
   839   BP    0   -15.0  -198.0    13.0    .7  
   840   NE    0   -15.0  -202.5    13.0    .7  
   841   NE    0   -11.5  -200.0    13.0    .7  
   842   BP    0   -12.5  -196.5    13.0    .7  
   843   NE    0   -15.5  -199.5    13.0    .7  
   844   BP    0    -9.5  -197.5    12.0    .7  
   845   CP    0   -11.5  -201.5    12.0    .7  
   846   CP    0   -10.0  -205.5    12.0    .7  
   847   BP    0    -7.0  -212.5    12.0    .7  
   848   NE    0    -9.0  -216.5    12.0    .7  
   849   NE    0    -5.0  -212.5    12.0    .7  
   850   NE    0    -7.0  -199.0    11.0    .5  
   851   CP    0      .5  -184.0    13.0   1.0  
   852   CP    0     5.0  -186.0    13.5   1.2  
   853   BP    0     3.5  -189.5    13.5   1.2  
   854   CP    0    -1.0  -193.0    13.5   1.2  
   855   BP    0    -4.5  -197.0    13.5   1.2  
   856   CP    0    -9.5  -201.5    13.5   1.0  
   857   CP    0   -11.5  -210.0    13.5   1.0  
   858   BP    0   -11.0  -214.5    13.5   1.0  
   859   CP    0   -15.5  -220.0    13.5    .6  
   860   BP    0   -18.0  -222.0    13.5    .6  
   861   NE    0   -20.5  -221.0    13.5    .6  
   862   NE    0   -15.5  -225.5    13.5    .6  
   863   NE    0   -10.5  -218.0    12.5    .6  
   864   BP    0    -3.0  -200.5    13.5    .8  
   865   CP    0    -6.0  -207.5    13.5    .7  
   866   NE    0    -3.5  -210.5    14.0    .7  
   867   CP    0    -1.5  -206.0    13.5    .7  
   868   CP    0     2.0  -209.0    14.0    .7  
   869   CP    0     2.0  -213.0    14.0    .7  
   870   CP    0     -.5  -215.5    14.0    .7  
   871   NE    0    -3.0  -223.0    14.0    .7  
   872   CP    0     1.0  -194.5    13.5   1.3  
   873   CP    0    -1.0  -198.5    14.0   1.3  
   874   CP    0     4.0  -198.5    14.5   1.5  
   875   BP    0     7.0  -202.5    14.5   1.5  
   876   CP    0     3.5  -208.0    14.5   1.1  
   877   NE    0     3.5  -210.0    14.5    .9  
   878   BP    0     9.5  -208.0    15.0   1.1  
   879   BP    0     4.5  -212.0    16.0    .9  
   880   NE    0     1.0  -211.5    16.5    .9  
   881   BP    0     2.0  -216.0    16.0    .9  
   882   NE    0    -4.0  -219.0    16.0    .9  
   883   BP    0     5.0  -221.0    16.5    .9  
   884   NE    0     2.5  -223.5    16.5    .5  
   885   NE    0     8.5  -221.5    16.5    .5  
   886   BP    0     9.0  -211.5    15.0    .9  
   887   NE    0     4.0  -216.0    15.0    .7  
   888   BP    0    12.5  -220.5    15.5    .7  
   889   NE    0    17.0  -223.5    15.5    .7  
   890   CP    0     9.5  -224.0    15.5    .7  
   891   NE    0     9.5  -226.0    15.5    .6  
   892   CP    0     1.5  -176.5    15.0   2.5  
   893   BP    0    10.5  -172.5    14.5   2.5  
   894   CP    0    13.5  -168.0    14.5   1.5  
   895   CP    0    16.5  -164.5    14.5   1.5  
   896   CP    0    21.5  -162.5    15.0   1.5  
   897   CP    0    29.0  -157.5    14.0   1.5  
   898   BP    0    29.5  -154.0    14.0   1.5  
   899   CP    0    36.5  -153.5    14.0   1.2  
   900   CP    0    40.0  -151.0    14.0   1.0  
   901   BP    0    42.0  -145.0    14.0   1.0  
   902   NE    0    39.0  -141.0    14.0    .6  
   903   NE    0    44.5  -139.5    14.0    .6  
   904   NE    0    29.0  -148.5    14.0   1.0  
   905   BP    0    16.5  -171.0    14.5   1.7  
   906   CP    0    23.0  -171.0    15.0   1.1  
   907   CP    0    25.0  -172.0    15.0   1.1  
   908   BP    0    24.0  -175.0    15.0   1.1  
   909   CP    0    22.0  -175.0    15.0    .9  
   910   CP    0    20.0  -180.5    15.0    .9  
   911   CP    0    21.5  -181.0    15.0    .9  
   912   NE    0    20.0  -184.5    15.0    .9  
   913   BP    0    23.5  -179.5    15.0    .9  
   914   NE    0    23.0  -182.0    15.0    .6  
   915   BP    0    25.5  -181.0    13.5    .6  
   916   CP    0    28.5  -180.0    13.5    .6  
   917   CP    0    32.0  -183.5    14.0    .6  
   918   CP    0    32.0  -186.0    14.0    .6  
   919   NE    0    31.5  -187.5    14.5    .6  
   920   CP    0    26.0  -183.0    13.5    .6  
   921   CP    0    23.5  -186.0    13.5    .6  
   922   CP    0    24.0  -189.5    13.5    .6  
   923   CP    0    29.5  -190.0    13.5    .6  
   924   NE    0    29.5  -192.0    13.5    .8  
   925   BP    0    21.5  -168.0    15.5   1.4  
   926   CP    0    20.0  -162.0    16.5   1.0  
   927   NE    0    22.0  -156.5    16.5    .7  
   928   CP    0    26.0  -168.0    14.5    .9  
   929   CP    0    30.0  -169.0    14.5   1.1  
   930   CP    0    32.0  -174.5    14.5   1.1  
   931   BP    0    34.5  -176.0    14.5   1.1  
   932   BP    0    36.0  -184.5    14.5   1.1  
   933   BP    0    46.5  -178.0    14.5   1.0  
   934   NE    0    42.0  -173.0    14.5   1.0  
   935   NE    0    50.5  -178.0    14.5    .8  
   936   CP    0    34.5  -186.5    14.5    .8  
   937   CP    0    36.5  -189.5    14.5    .8  
   938   CP    0    35.5  -192.5    14.5    .8  
   939   BP    0    31.0  -195.5    14.5    .8  
   940   CP    0    29.0  -195.5    14.5    .8  
   941   CP    0    27.5  -203.0    14.5    .5  
   942   CP    0    25.0  -206.0    14.5    .5  
   943   NE    0    25.0  -209.5    15.5    .5  
   944   CP    0    31.0  -198.5    14.5    .5  
   945   CP    0    30.0  -202.5    14.5    .5  
   946   CP    0    27.0  -207.0    14.5    .5  
   947   CP    0    23.5  -210.5    14.5    .5  
   948   NE    0    22.0  -209.5    14.5    .5  
   949   CP    0    36.5  -174.5    14.5    .5  
   950   CP    0    42.0  -175.0    14.5    .5  
   951   CP    0    43.5  -172.0    15.5    .5  
   952   NE    0    47.0  -172.0    15.5    .6  
   953   CP    0    -1.0   -62.5    16.0   6.3  
   954   BP    0     3.5   -65.0    16.5   6.3  
   955   BP    0     5.0   -57.5    13.5   4.2  
   956   CP    0     1.5   -52.5    13.5   1.7  
   957   CP    0     1.0   -49.0    14.0   1.6  
   958   CP    0     5.0   -45.0    14.0   1.5  
   959   CP    0     8.5   -42.0    14.0   1.1  
   960   CP    0    11.0   -40.5    14.0   1.1  
   961   CP    0    17.5   -43.5    14.0   1.1  
   962   NE    0    14.0   -47.0    14.0    .9  
   963   BP    0    11.5   -51.5    16.0   2.6  
   964   CP    0    10.5   -46.0    16.5   2.0  
   965   BP    0    10.5   -43.5    15.0   2.0  
   966   CP    0     7.5   -40.0    15.5   1.4  
   967   CP    0     4.5   -36.0    13.0   1.4  
   968   CP    0     2.5   -28.5    13.0   1.2  
   969   NE    0      .0   -26.0    13.0   1.2  
   970   CP    0    14.5   -40.0    15.0   1.2  
   971   CP    0    16.5   -38.0    14.0    .9  
   972   NE    0    18.0   -37.0    14.0    .9  
   973   BP    0    20.0   -48.0    16.5   3.3  
   974   CP    0    22.0   -41.5    15.5   2.0  
   975   BP    0    24.5   -36.0    15.5   3.1  
   976   BP    0    22.0   -31.0    15.5   1.9  
   977   CP    0    20.5   -27.0    15.5   1.3  
   978   CP    0    20.5   -21.0    15.0   1.3  
   979   CP    0    18.0   -15.5    15.0   1.3  
   980   NE    0    13.5   -17.0    15.0    .9  
   981   CP    0    23.5   -27.5    15.5    .9  
   982   CP    0    26.0   -19.5    15.5    .9  
   983   BP    0    27.0   -16.5    14.5   1.3  
   984   NE    0    22.5   -13.5    14.5   1.0  
   985   CP    0    30.0   -12.0    14.5    .9  
   986   NE    0    29.0   -11.5    13.0    .5  
   987   BP    0    29.5   -35.0    15.5   1.2  
   988   CP    0    33.5   -31.5    15.5   1.3  
   989   CP    0    40.0   -30.5    16.0   1.3  
   990   CP    0    44.0   -30.0    16.0   1.2  
   991   BP    0    45.5   -24.5    15.5   1.3  
   992   CP    0    43.5   -21.0    15.5   1.3  
   993   BP    0    44.5   -17.5    15.5   1.3  
   994   CP    0    46.5   -15.5    15.0   1.3  
   995   BP    0    48.0   -15.0    15.0   1.1  
   996   NE    0    56.5   -14.5    15.0    .9  
   997   BP    0    47.5   -13.0    15.0    .9  
   998   NE    0    43.0   -13.0    15.0    .7  
   999   BP    0    50.5   -12.0    15.0    .7  
  1000   NE    0    52.5   -12.5    15.0    .7  
  1001   NE    0    54.0   -10.0    15.0    .7  
  1002   CP    0    39.5   -15.0    15.5    .7  
  1003   CP    0    31.5   -13.0    15.5    .7  
  1004   CP    0    27.5   -10.0    15.5    .7  
  1005   CP    0    21.0   -10.0    15.5    .7  
  1006   NE    0    18.0    -7.0    15.5    .7  
  1007   BP    0    51.5   -23.5    15.5    .8  
  1008   CP    0    58.0   -23.5    15.5    .8  
  1009   BP    0    69.5   -28.5    15.0    .8  
  1010   BP    0    70.0   -22.0    15.0    .8  
  1011   NE    0    65.5   -18.5    15.0    .8  
  1012   NE    0    77.0   -24.5    15.0    .8  
  1013   CP    0    71.5   -30.0    15.0    .8  
  1014   NE    0    71.5   -34.0    15.0    .8  
  1015   NE    0    51.5   -24.0    15.5    .8  
  1016   NE    0    37.5   -35.5    16.0    .8  
  1017   BP    0    22.0   -48.5    16.0   2.4  
  1018   BP    0    21.0   -51.0    16.0   2.4  
  1019   CP    0    17.5   -53.5    13.5   1.6  
  1020   NE    0    14.0   -57.0    13.5   1.2  
  1021   NE    0    28.5   -58.5    16.0   1.0  
  1022   CP    0    25.5   -46.0    16.0   1.6  
  1023   BP    0    31.5   -44.0    16.0   1.9  
  1024   BP    0    31.5   -40.0    16.0   1.3  
  1025   BP    0    29.0   -39.0    16.0    .8  
  1026   NE    0    25.0   -40.0    16.0    .8  
  1027   NE    0    29.5   -37.0    16.0    .8  
  1028   BP    0    40.5   -38.5    16.0    .8  
  1029   NE    0    44.5   -40.0    16.0    .5  
  1030   NE    0    51.0   -33.0    16.0    .2  
  1031   BP    0    42.0   -44.0    16.0   1.4  
  1032   CP    0    43.0   -51.5    16.0   1.0  
  1033   NE    0    42.0   -56.5    16.0    .6  
  1034   CP    0    46.0   -41.5    16.0    .9  
  1035   NE    0    54.0   -39.0    16.5    .7  
  1036   BP    0     9.0   -69.5    16.5   4.2  
  1037   CP    0    10.0   -64.0    16.5   2.0  
  1038   BP    0    11.0   -63.0    16.5   2.0  
  1039   CP    0     8.5   -57.5    17.0   1.7  
  1040   NE    0    14.5   -53.0    16.5   1.0  
  1041   BP    0    18.0   -60.0    16.5   1.1  
  1042   CP    0    19.5   -56.5    16.5   1.1  
  1043   NE    0    16.0   -52.0    16.0    .9  
  1044   CP    0    24.0   -58.5    17.0    .9  
  1045   NE    0    29.5   -56.0    17.0    .9  
  1046   BP    0    12.0   -72.5    16.5   4.1  
  1047   CP    0    15.0   -69.0    16.5   1.7  
  1048   BP    0    16.5   -68.0    16.5   1.9  
  1049   BP    0    22.0   -71.0    17.0   1.4  
  1050   CP    0    22.0   -74.0    17.0   1.0  
  1051   NE    0    27.0   -75.0    17.0    .7  
  1052   NE    0    27.0   -73.5    17.0    .7  
  1053   BP    0    18.0   -66.5    16.5   1.6  
  1054   CP    0    29.0   -66.0    16.0   1.0  
  1055   NE    0    38.0   -61.0    16.0    .8  
  1056   CP    0    18.5   -63.5    16.5   1.4  
  1057   BP    0    23.0   -61.5    16.5   1.6  
  1058   CP    0    25.5   -58.5    16.5   1.3  
  1059   CP    0    29.5   -58.0    16.5    .9  
  1060   BP    0    31.0   -57.5    16.5    .9  
  1061   NE    0    33.5   -56.5    16.5    .9  
  1062   BP    0    32.5   -50.0    16.5    .9  
  1063   NE    0    31.0   -47.5    16.5    .9  
  1064   BP    0    34.0   -48.5    16.5    .8  
  1065   NE    0    34.0   -46.5    16.5    .8  
  1066   NE    0    36.0   -48.0    16.5    .4  
  1067   CP    0    29.5   -61.5    16.5    .9  
  1068   BP    0    37.5   -61.5    16.5   1.4  
  1069   BP    0    40.0   -56.0    16.5    .9  
  1070   CP    0    40.0   -52.0    16.0    .9  
  1071   NE    0    39.0   -47.0    16.5    .9  
  1072   NE    0    44.0   -54.0    16.5    .7  
  1073   BP    0    40.5   -64.0    16.5    .7  
  1074   CP    0    47.0   -62.5    17.5    .7  
  1075   NE    0    54.0   -63.5    17.5    .7  
  1076   CP    0    45.0   -70.5    16.5    .7  
  1077   NE    0    51.0   -74.0    16.5    .5  
  1078   CP    0    18.0   -77.5    16.0   3.7  
  1079   BP    0    26.5   -84.0    16.0   5.2  
  1080   CP    0    34.0   -81.0    16.0   2.3  
  1081   BP    0    40.0   -78.5    16.0   3.8  
  1082   BP    0    40.0   -71.5    16.5   2.3  
  1083   CP    0    34.5   -67.5    16.5   1.4  
  1084   NE    0    31.0   -64.0    16.5   1.2  
  1085   CP    0    44.5   -68.0    16.5   1.2  
  1086   CP    0    47.5   -63.0    16.5   1.2  
  1087   BP    0    46.5   -58.5    16.5   1.2  
  1088   CP    0    45.5   -53.5    16.5   1.2  
  1089   CP    0    45.0   -50.5    16.5    .9  
  1090   CP    0    46.5   -46.0    16.5    .9  
  1091   NE    0    39.5   -37.5    16.5    .9  
  1092   NE    0    51.0   -57.0    16.5    .9  
  1093   BP    0    46.0   -78.0    16.0   3.1  
  1094   CP    0    50.0   -71.5    16.0   2.2  
  1095   BP    0    55.5   -65.5    16.0   3.1  
  1096   BP    0    57.0   -60.5    16.0   3.1  
  1097   CP    0    52.5   -56.0    15.5   1.9  
  1098   CP    0    51.0   -50.0    15.5   1.9  
  1099   CP    0    50.0   -45.0    15.5   1.8  
  1100   BP    0    48.0   -40.0    15.5   1.6  
  1101   NE    0    55.0   -37.0    15.5    .6  
  1102   CP    0    43.0   -35.5    15.5    .6  
  1103   CP    0    40.0   -30.5    16.5    .6  
  1104   CP    0    42.5   -25.5    16.5    .6  
  1105   NE    0    43.5   -24.5    16.5    .5  
  1106   CP    0    63.0   -54.5    16.0   1.1  
  1107   BP    0    66.5   -48.5    16.0   1.5  
  1108   BP    0    77.5   -49.5    15.5   1.2  
  1109   NE    0    82.5   -51.5    15.5    .8  
  1110   NE    0    83.0   -46.5    15.5    .8  
  1111   BP    0    66.5   -46.5    16.0   1.9  
  1112   BP    0    56.0   -38.0    17.0   1.6  
  1113   NE    0    59.5   -36.0    17.0    .8  
  1114   BP    0    55.5   -36.5    17.0   1.7  
  1115   CP    0    60.5   -31.5    16.0    .9  
  1116   NE    0    64.5   -32.5    16.0    .9  
  1117   NE    0    51.0   -34.5    17.0    .7  
  1118   BP    0    76.0   -42.0    16.0   1.1  
  1119   BP    0    71.5   -36.0    16.0   1.0  
  1120   NE    0    64.5   -33.5    16.0    .7  
  1121   NE    0    66.0   -39.0    16.0    .7  
  1122   BP    0    80.0   -40.5    16.0   1.1  
  1123   NE    0    81.5   -44.0    16.0    .8  
  1124   CP    0    84.5   -41.5    16.0    .8  
  1125   NE    0    87.0   -45.0    16.0    .7  
  1126   CP    0    60.5   -66.5    16.0   1.5  
  1127   BP    0    64.0   -65.5    16.0   1.5  
  1128   NE    0    69.5   -68.5    16.5   1.1  
  1129   CP    0    69.5   -59.5    16.0    .9  
  1130   CP    0    75.0   -55.5    16.0    .9  
  1131   CP    0    78.0   -53.0    16.0    .9  
  1132   NE    0    83.0   -49.5    16.0    .9  
  1133   CP    0    55.0   -79.5    16.0   1.9  
  1134   BP    0    65.5   -75.5    16.0   2.1  
  1135   BP    0    66.5   -73.5    16.0   2.1  
  1136   CP    0    62.0   -70.0    16.0   1.5  
  1137   BP    0    59.5   -69.5    16.0   1.5  
  1138   CP    0    60.5   -67.0    16.0   1.3  
  1139   NE    0    64.0   -67.0    15.5   1.3  
  1140   NE    0    52.0   -71.0    16.0   1.3  
  1141   BP    0    71.5   -69.5    16.0   1.4  
  1142   CP    0    73.0   -64.5    16.0   1.1  
  1143   BP    0    74.5   -60.0    16.5    .8  
  1144   NE    0    69.5   -57.5    16.5    .7  
  1145   CP    0    76.0   -57.5    16.5    .9  
  1146   CP    0    83.0   -54.0    16.5   1.1  
  1147   BP    0    88.5   -47.0    16.5    .8  
  1148   NE    0    87.5   -46.0    16.5    .5  
  1149   NE    0    91.5   -47.0    16.5    .5  
  1150   BP    0    78.0   -68.5    16.0   1.5  
  1151   BP    0    85.0   -62.5    16.0   1.2  
  1152   CP    0    82.5   -60.0    16.0   1.2  
  1153   BP    0    89.5   -55.0    16.0    .9  
  1154   NE    0   101.5   -56.5    16.0    .8  
  1155   BP    0    93.5   -51.5    16.0    .8  
  1156   CP    0   101.5   -53.0    16.0    .8  
  1157   NE    0   103.5   -54.0    16.0    .6  
  1158   BP    0    98.0   -48.5    16.0    .8  
  1159   CP    0    94.5   -47.0    16.0    .8  
  1160   CP    0    93.0   -43.0    16.5    .8  
  1161   CP    0    87.0   -41.5    16.5    .8  
  1162   NE    0    86.0   -37.0    16.5    .8  
  1163   BP    0   100.5   -48.5    16.0   1.0  
  1164   BP    0   101.5   -43.5    16.0    .6  
  1165   NE    0   104.5   -36.5    16.0    .6  
  1166   NE    0   107.0   -41.5    16.0    .6  
  1167   BP    0   112.0   -50.5    16.0    .6  
  1168   NE    0   112.5   -57.0    16.0    .6  
  1169   NE    0   114.5   -50.5    16.0    .6  
  1170   BP    0    88.5   -63.5    16.0    .8  
  1171   BP    0    94.5   -59.5    16.0    .8  
  1172   NE    0    96.0   -54.0    16.0    .8  
  1173   NE    0    99.5   -56.5    16.0    .8  
  1174   CP    0    90.5   -65.0    15.5    .8  
  1175   CP    0   100.5   -62.0    16.0    .8  
  1176   CP    0   104.0   -59.5    16.0    .8  
  1177   NE    0   111.0   -55.5    15.5    .8  
  1178   NE    0    95.5   -72.0    16.0    .7  
  1179   CP    0    68.5   -76.0    16.0    .9  
  1180   BP    0    73.5   -78.5    16.5   1.0  
  1181   CP    0    77.0   -82.5    16.5    .9  
  1182   NE    0    84.0   -83.0    16.5    .8  
  1183   CP    0    75.0   -84.5    16.5   1.3  
  1184   CP    0    79.0   -87.0    16.5   1.3  
  1185   NE    0    82.5   -84.5    16.5    .9  
  1186   BP    0    33.5   -95.0    16.0   6.6  
  1187   CP    0    25.5  -101.0    15.0   3.0  
  1188   CP    0    19.0  -103.5    17.0   3.0  
  1189   BP    0    15.5  -102.0    17.0   3.0  
  1190   CP    0    15.5   -97.0    17.0   1.7  
  1191   BP    0    15.5   -95.0    17.0   1.7  
  1192   BP    0    14.0   -93.0    17.0   1.1  
  1193   NE    0     9.5   -95.0    17.0    .8  
  1194   NE    0    12.5   -82.5    17.5    .8  
  1195   NE    0    22.0   -92.0    16.5    .8  
  1196   BP    0    13.0  -101.5    16.5   2.7  
  1197   CP    0    10.0   -93.0    16.5   1.4  
  1198   NE    0     3.0   -95.0    16.5   1.2  
  1199   BP    0     8.5  -101.5    16.5   1.9  
  1200   NE    0      .5  -101.0    16.5   1.3  
  1201   CP    0     4.5  -106.5    16.5   1.3  
  1202   CP    0     1.0  -110.5    16.5   1.2  
  1203   NE    0     1.5  -118.5    15.5    .9  
  1204   BP    0    38.0   -98.0    16.0   6.4  
  1205   CP    0    39.0  -105.5    16.0   2.1  
  1206   CP    0    41.0  -108.5    16.0   2.1  
  1207   BP    0    44.0  -110.5    16.5   3.1  
  1208   BP    0    45.5  -113.5    16.0   2.5  
  1209   CP    0    44.5  -116.5    16.0   1.9  
  1210   CP    0    39.5  -120.5    17.0   1.7  
  1211   BP    0    38.5  -123.5    17.0   1.7  
  1212   CP    0    35.5  -127.5    17.0   1.7  
  1213   BP    0    35.5  -130.5    17.0   1.7  
  1214   BP    0    33.5  -135.5    17.0   1.3  
  1215   NE    0    29.5  -136.0    17.0    .8  
  1216   CP    0    32.0  -139.0    17.0    .8  
  1217   CP    0    25.0  -142.5    17.0    .8  
  1218   NE    0    25.0  -147.0    17.0    .8  
  1219   NE    0    41.0  -134.0    17.0    .6  
  1220   CP    0    43.0  -128.0    17.0    .6  
  1221   CP    0    43.0  -132.0    16.5    .8  
  1222   CP    0    47.0  -138.5    16.0    .8  
  1223   CP    0    45.0  -148.0    15.0    .8  
  1224   BP    0    46.5  -153.5    15.0    .4  
  1225   NE    0    45.0  -168.0    15.0    .4  
  1226   CP    0    51.5  -161.0    15.5    .4  
  1227   BP    0    51.5  -169.5    15.5    .4  
  1228   CP    0    50.5  -173.0    15.5    .4  
  1229   NE    0    53.5  -176.0    15.5    .4  
  1230   NE    0    56.5  -173.5    16.0    .4  
  1231   CP    0    49.5  -114.0    16.0    .8  
  1232   CP    0    51.5  -117.0    16.0    .8  
  1233   CP    0    50.0  -120.0    16.0    .8  
  1234   CP    0    46.5  -126.0    15.0    .8  
  1235   BP    0    47.0  -132.0    15.5    .8  
  1236   NE    0    43.0  -138.5    15.5    .8  
  1237   CP    0    48.0  -134.0    15.0    .8  
  1238   CP    0    50.0  -136.0    15.0    .8  
  1239   CP    0    51.5  -143.0    15.5    .8  
  1240   NE    0    50.0  -147.0    15.5    .8  
  1241   BP    0    55.0  -108.5    15.5   1.9  
  1242   BP    0    59.5  -102.5    15.0   1.1  
  1243   NE    0    51.5  -103.5    15.0    .7  
  1244   NE    0    67.5  -103.0    15.0    .7  
  1245   BP    0    58.0  -114.5    15.5   1.2  
  1246   BP    0    54.5  -121.0    15.0    .8  
  1247   NE    0    50.0  -128.0    15.0    .6  
  1248   NE    0    58.0  -122.5    15.5    .6  
  1249   BP    0    61.5  -118.0    15.5   1.1  
  1250   NE    0    66.0  -118.0    15.5    .7  
  1251   BP    0    60.0  -122.0    15.5   1.0  
  1252   NE    0    63.5  -125.5    15.5    .6  
  1253   BP    0    57.5  -127.0    15.5   1.4  
  1254   CP    0    51.0  -130.5    15.5   1.0  
  1255   CP    0    50.0  -138.5    15.5   1.0  
  1256   NE    0    54.5  -146.5    16.0    .7  
  1257   CP    0    58.0  -135.5    15.0   1.0  
  1258   CP    0    65.0  -138.5    15.0   1.0  
  1259   CP    0    57.0  -143.0    15.0   1.0  
  1260   CP    0    48.5  -147.0    15.0   1.0  
  1261   NE    0    42.5  -146.5    15.0    .7  
  1262   CP    0    48.5   -97.5    16.0   2.6  
  1263   BP    0    55.0   -96.5    16.0   3.8  
  1264   BP    0    52.0   -89.0    16.0   2.4  
  1265   CP    0    47.5   -85.0    16.5   2.4  
  1266   CP    0    41.5   -83.5    16.5   1.6  
  1267   NE    0    34.0   -84.5    16.5   1.5  
  1268   NE    0    60.0   -86.0    17.0   1.3  
  1269   BP    0    60.5   -95.5    15.5   4.5  
  1270   CP    0    65.5   -93.0    15.5   3.3  
  1271   BP    0    72.5   -90.5    17.0   3.3  
  1272   CP    0    69.5   -85.5    17.5   1.8  
  1273   BP    0    68.0   -83.5    17.5   1.8  
  1274   BP    0    63.0   -80.0    17.5   1.6  
  1275   CP    0    57.0   -83.0    17.5   1.3  
  1276   NE    0    55.5   -83.5    17.5    .8  
  1277   CP    0    58.0   -74.5    17.5    .8  
  1278   NE    0    59.0   -71.0    17.5    .7  
  1279   BP    0    71.0   -76.0    17.0   1.0  
  1280   NE    0    69.5   -69.0    17.0    .7  
  1281   NE    0    80.0   -70.0    18.0    .7  
  1282   CP    0    80.5   -89.0    17.0   2.5  
  1283   BP    0    86.0   -86.5    17.5   3.4  
  1284   BP    0    86.0   -84.0    17.5   2.4  
  1285   CP    0    86.5   -78.0    16.5   1.4  
  1286   CP    0    89.0   -73.5    16.5   1.0  
  1287   NE    0    89.0   -71.5    16.5    .6  
  1288   CP    0    89.0   -80.0    17.5   1.7  
  1289   BP    0    93.5   -77.0    17.5   2.9  
  1290   BP    0    97.0   -70.0    16.5   1.9  
  1291   CP    0   104.5   -69.5    16.5   1.5  
  1292   NE    0   111.5   -65.5    17.0   1.3  
  1293   CP    0   102.5   -65.5    17.0   1.3  
  1294   BP    0   106.0   -62.5    17.0   1.3  
  1295   CP    0   106.5   -55.0    18.0    .6  
  1296   NE    0   105.0   -54.5    18.0    .6  
  1297   CP    0   114.5   -56.5    17.0   1.0  
  1298   CP    0   123.5   -52.0    17.0    .7  
  1299   BP    0   133.0   -46.5    17.0    .7  
  1300   NE    0   128.5   -43.5    17.0    .7  
  1301   BP    0   136.5   -45.0    17.0    .8  
  1302   NE    0   139.0   -40.0    17.0    .8  
  1303   CP    0   145.5   -41.0    17.0    .8  
  1304   NE    0   147.0   -36.5    17.0    .8  
  1305   BP    0   100.5   -75.5    17.0   1.1  
  1306   CP    0   109.0   -71.5    17.0    .8  
  1307   CP    0   115.5   -70.0    17.0    .8  
  1308   CP    0   121.5   -62.5    17.0    .8  
  1309   NE    0   131.5   -56.0    17.0    .8  
  1310   CP    0   105.5   -78.0    16.0    .8  
  1311   BP    0   113.5   -81.0    16.0    .8  
  1312   CP    0   115.0   -88.5    16.5    .8  
  1313   NE    0   119.0   -91.0    14.5    .8  
  1314   NE    0   122.0   -80.0    15.5    .8  
  1315   CP    0    92.5   -83.5    15.5   3.0  
  1316   CP    0   101.5   -83.0    15.5   3.0  
  1317   BP    0   108.5   -83.5    15.5   8.3  
  1318   CP    0   112.0   -77.5    15.5   4.4  
  1319   BP    0   115.0   -72.0    16.5   4.4  
  1320   CP    0   114.0   -66.5    16.5   2.0  
  1321   CP    0   117.0   -62.0    16.0   2.0  
  1322   BP    0   119.5   -60.0    16.0   2.0  
  1323   BP    0   127.0   -53.5    16.0   1.5  
  1324   NE    0   141.5   -48.5    16.0    .6  
  1325   CP    0   136.5   -54.5    16.0   1.0  
  1326   CP    0   144.5   -52.0    16.0   1.0  
  1327   NE    0   150.5   -46.5    16.0    .9  
  1328   CP    0   117.5   -51.0    16.0    .9  
  1329   CP    0   116.0   -44.5    16.0    .9  
  1330   BP    0   118.0   -41.5    16.0    .9  
  1331   NE    0   116.0   -38.5    16.0    .9  
  1332   CP    0   123.5   -35.0    16.5    .9  
  1333   NE    0   128.5   -33.0    16.5    .9  
  1334   CP    0   119.0   -71.0    16.5   1.5  
  1335   BP    0   123.0   -68.5    16.5   3.2  
  1336   CP    0   123.0   -64.0    16.5   1.9  
  1337   CP    0   128.5   -60.0    16.5   1.8  
  1338   BP    0   132.0   -59.0    16.5   1.6  
  1339   CP    0   135.5   -55.5    16.5    .9  
  1340   CP    0   140.5   -54.5    16.5    .9  
  1341   NE    0   144.5   -53.0    16.5    .7  
  1342   CP    0   140.5   -58.5    17.0   1.0  
  1343   BP    0   145.5   -58.0    17.0   1.0  
  1344   BP    0   149.0   -56.0    17.0   1.0  
  1345   CP    0   149.0   -51.0    17.0    .7  
  1346   BP    0   149.0   -43.0    17.0    .7  
  1347   NE    0   145.0   -40.5    17.0    .7  
  1348   NE    0   151.5   -38.0    17.0    .7  
  1349   BP    0   155.0   -53.5    17.0    .9  
  1350   NE    0   154.5   -46.0    17.0    .9  
  1351   BP    0   158.5   -52.0    17.0    .9  
  1352   CP    0   162.0   -49.0    17.0    .9  
  1353   CP    0   169.5   -44.5    17.0    .7  
  1354   BP    0   171.5   -41.5    17.0    .7  
  1355   CP    0   169.0   -35.5    17.0    .7  
  1356   NE    0   166.5   -33.0    17.0    .7  
  1357   CP    0   175.0   -42.0    17.0    .7  
  1358   NE    0   179.5   -42.0    17.0    .7  
  1359   CP    0   164.0   -52.0    16.0    .7  
  1360   CP    0   171.0   -49.5    16.0    .7  
  1361   NE    0   177.0   -51.5    16.0    .7  
  1362   CP    0   150.5   -60.5    17.0    .7  
  1363   BP    0   160.0   -60.0    17.0    .7  
  1364   NE    0   163.5   -62.5    17.5    .7  
  1365   NE    0   166.5   -58.0    17.0    .7  
  1366   CP    0   130.5   -67.5    16.0   1.5  
  1367   CP    0   134.5   -66.5    16.5   1.5  
  1368   CP    0   140.5   -69.0    16.5   1.5  
  1369   CP    0   144.0   -72.5    16.5   1.3  
  1370   BP    0   147.5   -74.5    16.5   1.3  
  1371   CP    0   154.0   -71.0    16.5   1.3  
  1372   BP    0   160.0   -68.0    16.5   1.3  
  1373   CP    0   164.0   -63.5    16.5    .7  
  1374   BP    0   168.0   -62.5    16.5    .7  
  1375   CP    0   168.0   -59.0    17.0    .7  
  1376   NE    0   175.5   -56.5    16.5    .7  
  1377   NE    0   181.0   -60.5    16.5    .7  
  1378   CP    0   165.5   -68.0    16.5    .7  
  1379   NE    0   177.5   -66.5    16.5    .7  
  1380   CP    0   150.0   -77.5    16.5   1.1  
  1381   BP    0   155.0   -77.5    16.5   1.1  
  1382   BP    0   163.5   -73.5    16.5    .7  
  1383   BP    0   166.5   -71.0    16.5    .7  
  1384   NE    0   167.0   -69.0    16.5    .7  
  1385   NE    0   174.0   -72.0    16.5    .7  
  1386   CP    0   166.5   -75.0    16.5    .7  
  1387   CP    0   171.5   -80.0    16.5    .7  
  1388   NE    0   173.5   -84.0    16.5    .7  
  1389   CP    0   160.5   -79.5    16.0    .7  
  1390   CP    0   157.0   -85.0    16.0    .7  
  1391   CP    0   160.0   -88.5    16.0    .7  
  1392   NE    0   161.0   -89.0    15.5    .7  
  1393   BP    0   108.5   -87.5    15.5   6.1  
  1394   CP    0   115.0   -84.5    18.0   1.9  
  1395   BP    0   118.0   -83.0    15.0   1.9  
  1396   CP    0   120.5   -77.5    15.0   1.6  
  1397   CP    0   125.0   -74.5    15.0   1.3  
  1398   CP    0   130.0   -74.5    16.0   1.3  
  1399   NE    0   135.5   -74.5    16.0   1.3  
  1400   CP    0   126.5   -79.5    15.0    .7  
  1401   BP    0   129.0   -83.5    14.5    .7  
  1402   BP    0   136.0   -87.5    15.5    .7  
  1403   NE    0   147.5   -82.0    15.5    .7  
  1404   NE    0   143.5   -95.0    15.0    .7  
  1405   NE    0   129.5   -90.5    14.5    .7  
  1406   BP    0   110.0   -92.5    15.5   4.4  
  1407   BP    0   116.5   -93.5    15.0   1.9  
  1408   CP    0   121.5   -91.0    15.0   1.5  
  1409   CP    0   128.0   -89.5    15.5   1.3  
  1410   CP    0   127.5   -97.0    15.5   1.3  
  1411   BP    0   134.0   -98.5    15.5   1.3  
  1412   NE    0   139.5   -95.0    16.0   1.0  
  1413   BP    0   136.0  -103.5    16.0   1.0  
  1414   NE    0   141.0  -102.0    16.0    .9  
  1415   CP    0   135.5  -108.0    16.5   1.2  
  1416   CP    0   139.0  -109.5    16.5   1.2  
  1417   NE    0   148.5  -104.0    16.0   1.2  
  1418   CP    0   122.0   -93.5    15.0   1.2  
  1419   BP    0   121.0   -95.5    15.0   1.2  
  1420   CP    0   123.5  -100.5    15.0    .7  
  1421   NE    0   126.5  -102.5    15.5    .7  
  1422   CP    0   120.0  -100.0    15.0   1.5  
  1423   BP    0   120.5  -104.0    15.0   1.5  
  1424   CP    0   124.5  -105.5    15.0   1.2  
  1425   CP    0   130.5  -106.0    15.5   1.1  
  1426   CP    0   133.0  -109.0    15.5   1.1  
  1427   NE    0   134.5  -109.5    15.0    .6  
  1428   CP    0   121.5  -108.5    14.5   1.0  
  1429   CP    0   128.5  -110.0    14.5   1.0  
  1430   NE    0   129.0  -112.5    16.0    .4  
  1431   CP    0   108.0   -98.0    15.5   3.4  
  1432   BP    0   105.5  -106.0    15.5   4.5  
  1433   CP    0   112.0  -108.5    14.5   2.3  
  1434   BP    0   115.0  -108.5    15.0   2.3  
  1435   CP    0   117.5  -104.5    14.5   1.5  
  1436   CP    0   117.5   -99.5    15.0   1.1  
  1437   NE    0   112.0  -100.0    15.0    .9  
  1438   CP    0   116.0  -112.0    16.5   1.3  
  1439   CP    0   119.5  -114.0    16.0   1.3  
  1440   CP    0   125.0  -113.5    16.5   1.3  
  1441   CP    0   119.5  -121.0    16.5   1.1  
  1442   NE    0   115.5  -125.5    16.5    .9  
  1443   BP    0   102.5  -112.5    15.5   3.3  
  1444   BP    0   104.0  -116.5    15.5   1.6  
  1445   CP    0   110.0  -114.5    16.0   1.6  
  1446   CP    0   110.0  -118.5    16.0   1.6  
  1447   BP    0   106.5  -122.5    16.0   1.0  
  1448   NE    0   102.5  -121.0    16.0    .9  
  1449   NE    0   104.0  -127.0    16.0    .9  
  1450   CP    0    98.5  -122.5    15.5    .9  
  1451   CP    0    94.5  -127.5    15.5    .9  
  1452   BP    0    97.5  -131.5    15.0    .9  
  1453   CP    0   106.0  -131.0    15.0    .9  
  1454   NE    0   111.5  -132.5    15.0    .9  
  1455   CP    0    92.5  -137.5    15.0    .9  
  1456   BP    0    92.5  -141.0    15.0    .9  
  1457   NE    0    97.0  -140.5    15.5    .7  
  1458   NE    0    92.0  -145.5    15.0    .7  
  1459   BP    0    98.0  -117.5    16.0   3.1  
  1460   CP    0    95.0  -122.5    16.0   1.7  
  1461   BP    0    92.5  -125.5    16.0   1.7  
  1462   CP    0    85.5  -131.5    16.0   1.4  
  1463   NE    0    80.0  -139.0    16.0   1.2  
  1464   CP    0    92.5  -131.0    17.5   1.2  
  1465   CP    0    90.0  -135.5    16.0   1.2  
  1466   BP    0    86.5  -138.0    16.0   1.2  
  1467   CP    0    79.0  -144.5    16.0   1.2  
  1468   BP    0    76.5  -151.0    16.0   1.2  
  1469   NE    0    80.0  -156.5    15.5   1.0  
  1470   NE    0    73.5  -155.5    16.5    .9  
  1471   BP    0    86.5  -144.0    16.0    .9  
  1472   NE    0    83.5  -146.0    16.0    .9  
  1473   BP    0    92.0  -147.5    16.5    .9  
  1474   CP    0    89.0  -150.0    16.5    .9  
  1475   NE    0    86.0  -153.0    16.5    .9  
  1476   NE    0    92.5  -150.0    17.0    .5  
  1477   CP    0    90.0  -124.0    16.0   1.7  
  1478   CP    0    85.5  -128.0    16.0   1.7  
  1479   CP    0    81.0  -133.0    15.5   1.7  
  1480   BP    0    79.0  -134.5    16.0   1.7  
  1481   BP    0    76.0  -141.5    16.0   1.7  
  1482   CP    0    66.5  -146.5    16.0   1.3  
  1483   CP    0    59.0  -153.5    16.5   1.3  
  1484   CP    0    56.5  -159.5    16.5   1.1  
  1485   BP    0    57.5  -163.0    18.0   1.1  
  1486   NE    0    55.5  -165.0    18.5    .6  
  1487   NE    0    61.5  -166.0    18.0    .6  
  1488   CP    0    73.0  -150.0    15.5   1.0  
  1489   BP    0    71.5  -152.5    15.5    .8  
  1490   CP    0    75.5  -155.0    16.0    .8  
  1491   NE    0    72.5  -158.0    16.0    .8  
  1492   CP    0    70.5  -155.5    15.0    .8  
  1493   CP    0    68.5  -162.0    15.0    .8  
  1494   NE    0    63.5  -168.0    14.5    .8  
  1495   BP    0    73.5  -136.5    14.5   1.9  
  1496   CP    0    70.0  -134.0    15.0   1.3  
  1497   CP    0    69.0  -131.0    15.0   1.3  
  1498   BP    0    70.5  -127.0    16.0   1.2  
  1499   CP    0    71.0  -123.5    16.0   1.2  
  1500   NE    0    75.5  -121.0    16.0    .9  
  1501   CP    0    66.5  -126.0    16.0    .9  
  1502   BP    0    68.0  -121.5    16.0    .9  
  1503   NE    0    62.0  -120.0    16.0    .9  
  1504   NE    0    63.5  -111.5    16.0    .7  
  1505   CP    0    67.0  -143.0    13.5    .8  
  1506   CP    0    62.0  -148.0    13.5    .8  
  1507   NE    0    56.0  -151.0    15.5    .6  
  1508   CP    0    64.5   -98.5    15.5   1.9  
  1509   BP    0    70.0   -98.0    15.5   2.2  
  1510   CP    0    74.5   -95.5    16.0   1.8  
  1511   CP    0    80.0   -94.5    16.0   1.8  
  1512   BP    0    89.5   -96.0    16.0   2.0  
  1513   CP    0    93.0   -89.0    16.0   1.8  
  1514   BP    0    95.0   -87.5    15.5   1.5  
  1515   CP    0   100.5   -93.0    14.5   1.1  
  1516   BP    0   101.5   -93.5    16.0    .9  
  1517   NE    0   103.0   -91.0    16.5    .9  
  1518   NE    0   102.5   -97.5    16.0    .9  
  1519   CP    0    99.0   -85.5    15.5    .9  
  1520   NE    0   107.0   -89.0    15.0    .9  
  1521   CP    0    89.5   -98.5    16.0   1.3  
  1522   CP    0    92.0  -102.5    16.5   1.3  
  1523   CP    0    92.5  -108.0    16.5   1.3  
  1524   BP    0    91.5  -109.5    16.0   1.3  
  1525   NE    0    99.5  -109.5    15.5   1.0  
  1526   CP    0    89.0  -113.5    16.0   1.0  
  1527   CP    0    87.0  -119.0    16.0   1.0  
  1528   NE    0    80.5  -124.0    16.0    .7  
  1529   CP    0    74.5   -99.5    15.0   1.6  
  1530   BP    0    76.5  -107.5    15.5   1.9  
  1531   BP    0    83.0  -107.5    15.5   1.4  
  1532   BP    0    83.0  -103.5    16.0   1.2  
  1533   BP    0    78.5   -99.0    16.0    .9  
  1534   NE    0    77.0  -102.0    16.0    .5  
  1535   BP    0    78.5   -96.5    16.0    .5  
  1536   NE    0    80.5   -96.0    16.0    .5  
  1537   NE    0    76.5   -96.5    16.0    .5  
  1538   CP    0    87.0  -101.5    16.0    .5  
  1539   NE    0    89.0  -104.5    16.0    .5  
  1540   CP    0    86.0  -108.5    16.0    .5  
  1541   CP    0    83.5  -114.5    16.0    .5  
  1542   NE    0    81.0  -117.0    16.0    .8  
  1543   CP    0    74.0  -112.5    15.5   1.6  
  1544   BP    0    74.0  -115.5    13.0   2.0  
  1545   NE    0    68.5  -118.0    13.0   1.1  
  1546   CP    0    78.0  -121.5    15.5    .9  
  1547   BP    0    77.5  -124.5    15.5    .9  
  1548   NE    0    72.0  -127.0    15.5    .8  
  1549   CP    0    78.5  -126.5    15.5    .8  
  1550   CP    0    74.0  -130.0    15.5    .7  
  1551   NE    0    74.5  -132.0    15.5    .7 
