No. points   1413
No. trees       2
Text  20_3a                                                                                                                   
 
 Point  Type  Tag      X       Y       Z  Thick   Name    Attachment
 
     1  SOS    0     -.5      .0      .5    .1  ------  
     2  SCP    0    -3.5      .0      .0    .1  
     3  SCP    0    -6.5     1.5      .0    .1  
     4  SCP    0    -8.0     4.0      .0    .1  
     5  SCP    0    -9.0     6.0      .0    .1  
     6  SCP    0    -9.5     8.5      .0    .1  
     7  SCP    0   -11.0    10.0      .0    .1  
     8  SCP    0   -11.5    12.0      .0    .1  
     9  SCP    0   -12.0    13.5      .0    .1  
    10  SCP    0   -12.0    15.5      .0    .1  
    11  SCP    0   -12.5    17.5      .0    .1  
    12  SCP    0   -12.5    20.0      .0    .1  
    13  SCP    0   -11.0    23.0      .0    .1  
    14  SCP    0    -8.5    25.5      .0    .1  
    15  SCP    0    -6.5    27.0      .0    .1  
    16  SCP    0    -4.5    28.5      .0    .1  
    17  SCP    0    -2.0    29.0      .0    .1  
    18  SCP    0      .5    29.0      .0    .1  
    19  SCP    0     2.5    26.5      .0    .1  
    20  SCP    0     4.0    24.5      .0    .1  
    21  SCP    0     5.5    21.0      .0    .1  
    22  SCP    0     7.5    17.5      .0    .1  
    23  SCP    0     6.0    12.5      .0    .1  
    24  SCP    0     5.5    11.0      .0    .1  
    25  SCP    0     7.5     8.0      .0    .1  
    26  SCP    0     5.5     4.5      .0    .1  
    27  SCP    0     5.0     2.0      .0    .1  
    28  SCP    0     4.5      .5      .0    .1  
    29  SOE    0     -.5      .0      .5    .1  
    30  MTO    0      .0      .0      .0   5.5  naindd  ------     0
    31   CP    0     4.0    -3.5      .5   4.8  
    32   CP    0     7.0    -7.0      .5   4.8  
    33   CP    0     9.5    -9.0      .5   4.8  
    34   BP    0    11.5   -12.0     1.5   6.0  
    35   BP    0    13.0   -15.5     1.5   7.9  
    36   BP    0    17.0   -13.5     1.5   4.2  
    37   CP    0    19.5   -10.5     1.5   2.0  
    38   BP    0    21.5    -8.5     1.5   2.0  
    39   CP    0    23.0    -9.0     1.5   1.5  
    40   NE    0    27.0    -6.5     1.5   1.5  
    41   CP    0    21.5    -6.5     1.5   1.3  
    42   CP    0    21.5    -5.0     1.5   1.3  
    43   CP    0    17.5    -3.5     1.5   1.3  
    44   CP    0    15.5    -3.5     3.0   1.3  
    45   CP    0    14.0    -3.5     3.0   1.3  
    46   CP    0    12.0    -3.5     3.0   1.3  
    47   CP    0    10.0    -4.0     1.0   1.3  
    48   NE    0     9.5    -4.0     1.0   1.3  
    49   CP    0    22.5   -16.0     1.5   3.2  
    50   CP    0    29.5   -19.0     1.5   3.2  
    51   CP    0    37.5   -20.0     2.5   5.1  
    52   CP    0    40.5   -15.5     2.5   2.4  
    53   BP    0    42.0   -14.5     2.5   1.7  
    54   CP    0    45.0   -15.0     2.5   1.7  
    55   CP    0    49.0   -15.5     2.5   1.7  
    56   CP    0    51.0   -13.5     2.5   1.7  
    57   CP    0    52.0   -11.0     2.5   1.7  
    58   CP    0    55.5    -8.0     2.5   1.7  
    59   NE    0    57.5    -4.0     2.5   1.7  
    60   CP    0    44.0   -13.0     2.5   1.7  
    61   CP    0    48.0   -13.0     2.5   1.7  
    62   CP    0    51.5   -13.0     2.5   1.7  
    63   CP    0    54.0   -13.0     2.5   1.7  
    64   CP    0    53.0    -9.5     2.5   1.7  
    65   CP    0    52.0    -7.5     2.5   1.7  
    66   BP    0    52.0    -7.5     2.5   1.4  
    67   CP    0    49.5    -7.5     2.5   1.2  
    68   CP    0    48.5    -6.0     2.5   1.2  
    69   BP    0    47.0    -5.0     3.0   1.4  
    70   CP    0    44.5    -4.0     3.0   1.4  
    71   CP    0    41.5    -4.0     3.0   1.4  
    72   CP    0    39.5    -4.0     3.0   1.4  
    73   CP    0    39.0    -3.0     3.0   1.0  
    74   CP    0    36.0    -1.5     3.0   1.0  
    75   CP    0    34.0    -1.0     3.0   1.0  
    76   BP    0    31.5    -1.0     3.0   1.0  
    77   CP    0    28.0     1.0     3.0   1.0  
    78   CP    0    27.0     3.0     3.0   1.4  
    79   CP    0    27.0     6.0     3.0   1.4  
    80   CP    0    27.0     8.0     3.0   1.4  
    81   NE    0    26.0    10.5     2.5   1.4  
    82   CP    0    28.5    -1.5     3.0   1.1  
    83   CP    0    23.5    -2.5     3.0   1.1  
    84   CP    0    20.5    -2.0     3.0   1.1  
    85   CP    0    17.5    -1.0     3.0    .9  
    86   NE    0    16.0      .0     3.0    .9  
    87   CP    0    49.0    -3.0     3.0   1.0  
    88   CP    0    49.5      .5     3.0   1.0  
    89   CP    0    52.5     3.5     3.0   1.0  
    90   CP    0    53.5     6.0     3.0   1.0  
    91   CP    0    54.5     8.5     3.0   1.0  
    92   CP    0    56.0    12.5     3.0   1.1  
    93   BP    0    58.0    14.0     3.0   1.3  
    94   CP    0    58.0    17.0     3.0   1.3  
    95   NE    0    59.5    19.0     3.0   1.3  
    96   CP    0    61.0    14.5     3.0   1.1  
    97   BP    0    61.5    14.0     3.0   1.1  
    98   NE    0    63.5    13.0     3.0   1.1  
    99   NE    0    64.5    17.0     3.0   1.1  
   100   CP    0    56.5    -3.5     4.5   1.1  
   101   CP    0    59.0    -1.0     4.5   1.1  
   102   BP    0    61.0      .5     4.5   1.0  
   103   CP    0    59.0     4.5     4.5   1.0  
   104   CP    0    59.0     6.0     4.5   1.1  
   105   CP    0    54.0     7.5     4.5   1.1  
   106   CP    0    51.0     7.5     4.5   1.1  
   107   CP    0    47.5     8.0     4.5   1.1  
   108   CP    0    47.0    10.0     3.5   1.1  
   109   CP    0    48.0    15.0     3.5   1.1  
   110   CP    0    48.0    17.0     3.5   1.1  
   111   CP    0    50.5    20.0     3.5   1.1  
   112   CP    0    52.0    21.5     3.5   1.1  
   113   CP    0    52.0    25.0     3.5   1.1  
   114   NE    0    50.0    28.5     3.5   1.1  
   115   BP    0    61.5     2.5     4.0   1.1  
   116   CP    0    60.5     7.0     4.0   1.1  
   117   CP    0    58.0    10.5     4.0   1.1  
   118   CP    0    55.5    14.5     4.0   1.1  
   119   CP    0    52.5    17.5     4.0   1.1  
   120   NE    0    51.5    18.5     4.0   1.1  
   121   CP    0    64.5     5.5     4.0   1.1  
   122   CP    0    66.5     9.0     7.5   1.1  
   123   BP    0    69.0    11.0     7.5   1.1  
   124   NE    0    67.0    14.5     7.5   1.1  
   125   CP    0    71.5    11.0     7.5   1.1  
   126   BP    0    74.5    11.0     7.5   1.1  
   127   NE    0    74.5    15.5     7.5   1.1  
   128   CP    0    77.5    12.0     7.5   1.1  
   129   CP    0    82.0    12.0     7.5   1.1  
   130   BP    0    82.0    12.0     7.5   1.1  
   131   NE    0    84.0    10.5     7.5   1.1  
   132   BP    0    84.0    14.5     7.5   1.1  
   133   NE    0    82.0    17.0     7.5   1.1  
   134   NE    0    87.5    15.5     7.0    .7  
   135   BP    0    38.5   -19.5     6.5   1.2  
   136   CP    0    44.0   -17.0     6.5   1.1  
   137   CP    0    48.5   -17.0     6.5   1.1  
   138   CP    0    52.0   -17.0     6.5   1.1  
   139   CP    0    54.5   -16.0     6.5   1.2  
   140   CP    0    57.5   -13.5     6.5   1.2  
   141   CP    0    58.0   -11.0     6.5   1.2  
   142   BP    0    60.0    -9.5     6.5   1.5  
   143   BP    0    60.0    -6.5     6.0   1.5  
   144   NE    0    60.5    -2.0     6.0   1.3  
   145   CP    0    62.5    -5.0     6.0   1.3  
   146   CP    0    65.0    -4.0     6.0   1.3  
   147   CP    0    68.5    -3.0     6.0   1.3  
   148   BP    0    69.0    -3.0     6.0   1.3  
   149   CP    0    73.0      .0     6.0   1.3  
   150   NE    0    78.5     3.0     6.0   1.3  
   151   NE    0    71.5    -3.5     8.5   1.3  
   152   CP    0    66.0   -11.5     7.5   1.1  
   153   CP    0    68.5   -13.5     7.0   1.1  
   154   CP    0    67.5   -17.5     7.5   1.1  
   155   CP    0    68.0   -19.5     7.0   1.1  
   156   BP    0    66.0   -21.5     7.0   1.1  
   157   CP    0    64.0   -20.0     7.0   1.1  
   158   CP    0    61.0   -20.0     7.0   1.1  
   159   CP    0    55.0   -20.5     7.0   1.1  
   160   NE    0    50.5   -20.0     7.0   1.1  
   161   CP    0    67.0   -23.0     6.0   1.1  
   162   CP    0    72.0   -24.0     7.0   1.1  
   163   CP    0    74.0   -23.0     7.0   1.1  
   164   NE    0    78.5   -20.0     7.0   1.1  
   165   CP    0    40.5   -24.0     3.5   3.1  
   166   CP    0    44.5   -26.5     5.0   3.1  
   167   CP    0    46.5   -28.5     5.0   3.1  
   168   CP    0    49.0   -31.0     5.0   3.4  
   169   BP    0    52.5   -34.0     6.0   6.8  
   170   CP    0    57.5   -31.0     6.0   2.7  
   171   CP    0    62.0   -28.5     6.0   2.7  
   172   BP    0    65.0   -27.5     6.0   3.7  
   173   CP    0    68.0   -24.0     9.0   1.9  
   174   CP    0    71.5   -20.0     9.0   1.9  
   175   BP    0    75.5   -16.5     9.0   1.9  
   176   BP    0    76.5   -11.5     8.5   1.7  
   177   BP    0    68.0    -6.0     9.0   1.7  
   178   NE    0    63.0    -3.5     9.0   1.3  
   179   CP    0    68.5    -1.0     9.0   1.3  
   180   CP    0    72.5     3.5     9.0   1.3  
   181   CP    0    72.0     6.5     9.0   1.3  
   182   BP    0    70.0     6.5     9.0   1.3  
   183   CP    0    66.5     5.0     9.0   1.3  
   184   NE    0    64.5     2.0     9.0   1.3  
   185   NE    0    68.5     9.5    10.0   1.3  
   186   NE    0    73.0    -5.5    11.5   1.3  
   187   CP    0    80.0   -13.0    10.0   1.3  
   188   BP    0    81.0   -10.5    10.0   1.3  
   189   BP    0    80.5    -6.5    10.0   1.3  
   190   NE    0    79.5    -2.5    10.0   1.3  
   191   NE    0    83.0    -2.5    10.0   1.3  
   192   NE    0    85.5   -10.5    13.5   1.3  
   193   CP    0    68.0   -29.0     7.0   1.3  
   194   BP    0    74.0   -28.5     7.0   2.5  
   195   CP    0    77.5   -24.5     7.5   1.6  
   196   BP    0    80.5   -19.5     7.5   1.6  
   197   NE    0    79.5   -16.5     7.5   1.6  
   198   CP    0    84.5   -14.0     9.0   1.6  
   199   CP    0    87.5   -11.5     9.5   1.6  
   200   CP    0    91.5    -8.0     9.5   1.6  
   201   BP    0    92.0    -5.0     9.5   1.6  
   202   NE    0    86.5    -3.5     9.5   1.6  
   203   BP    0    93.5    -3.5     9.5   2.0  
   204   CP    0    92.5      .5     6.5   1.7  
   205   BP    0    92.0     5.0     6.5   1.7  
   206   CP    0    88.5     8.0     6.5   1.7  
   207   CP    0    90.0    13.5     6.5   1.7  
   208   CP    0    90.0    16.5     6.5   1.7  
   209   CP    0    90.0    19.0     6.5   1.3  
   210   CP    0    90.0    23.5     7.0   1.1  
   211   BP    0    92.5    25.0     7.0    .6  
   212   NE    0    95.5    27.5     7.0    .6  
   213   CP    0    95.0    24.0     7.0    .6  
   214   NE    0    96.0    22.5     7.0    .6  
   215   CP    0    91.5     9.0     5.5   1.2  
   216   BP    0    99.0    14.0     7.0   1.2  
   217   CP    0    95.5    17.5     7.0   1.2  
   218   NE    0    99.0    20.5     7.0   1.2  
   219   CP    0   100.0    16.0     7.0    .8  
   220   CP    0   103.5    18.5     7.0    .8  
   221   NE    0   101.0    24.0     7.0    .8  
   222   BP    0    98.5     -.5     8.0   1.0  
   223   CP    0   101.0     2.0     8.0   1.0  
   224   BP    0   105.0     4.0     7.5    .9  
   225   CP    0   108.5     5.5     7.5    .9  
   226   BP    0   108.0     8.0     7.5    .9  
   227   CP    0   105.5     9.0     7.5    .9  
   228   CP    0   107.0    12.0     7.5   1.0  
   229   CP    0   107.0    16.0     7.5   1.1  
   230   NE    0   105.5    17.5     7.5   1.2  
   231   CP    0   109.5     9.5     6.0   1.4  
   232   CP    0   114.0    13.0     6.0   1.4  
   233   BP    0   115.0    13.5     6.0   1.2  
   234   NE    0   116.5    17.0     6.0   1.2  
   235   NE    0   119.0    14.0     7.0   1.2  
   236   BP    0   111.0     4.5     7.5   1.0  
   237   CP    0   111.0     3.0     7.5   1.0  
   238   NE    0   117.0     4.0     8.0   1.0  
   239   CP    0   115.0     6.0     7.5   1.0  
   240   CP    0   124.5     5.0     7.5   1.0  
   241   CP    0   128.0     7.0     7.5   1.0  
   242   BP    0   131.0     7.5     7.5    .7  
   243   NE    0   134.5     6.0     7.0    .7  
   244   CP    0   133.5     9.5     7.5    .7  
   245   NE    0   141.5     6.5     7.0    .7  
   246   NE    0    97.0    -5.0     8.0    .7  
   247   BP    0    78.0   -31.0     7.5    .7  
   248   BP    0    81.5   -29.5     7.5   1.0  
   249   CP    0    85.0   -30.5     7.5    .6  
   250   BP    0    83.0   -34.5     7.5    .6  
   251   CP    0    76.0   -33.0     7.5    .6  
   252   NE    0    75.0   -32.5     8.0    .6  
   253   NE    0    80.0   -32.0     7.5    .6  
   254   CP    0    85.0   -26.5     7.5    .9  
   255   BP    0    89.0   -22.0     8.0    .9  
   256   CP    0    93.5   -23.5     8.0    .9  
   257   BP    0    95.5   -25.0     8.0    .9  
   258   NE    0    95.0   -29.0     8.0    .9  
   259   NE    0   102.0   -25.5     8.0    .9  
   260   CP    0    92.0   -19.5     8.5    .9  
   261   BP    0   101.5   -18.0     9.0    .9  
   262   CP    0   104.0   -13.0     9.0    .9  
   263   CP    0   104.0   -10.0     9.0    .9  
   264   BP    0   102.0    -8.5     9.0   1.4  
   265   NE    0    97.5    -6.0     8.5    .9  
   266   CP    0   104.0    -3.5     9.0   1.1  
   267   CP    0   108.0    -2.5     9.0    .8  
   268   CP    0   111.5    -1.5     9.0    .8  
   269   BP    0   113.0      .0     9.0    .8  
   270   NE    0   111.0      .5     9.0    .8  
   271   CP    0   117.0    -1.0     9.0    .8  
   272   CP    0   120.5      .5     9.5    .8  
   273   CP    0   127.0     -.5     9.5    .8  
   274   NE    0   132.0    -2.0     9.5    .8  
   275   BP    0   105.0   -18.0     9.0   1.0  
   276   CP    0   111.5   -13.5     9.0   1.0  
   277   BP    0   116.0   -11.5     9.5   1.0  
   278   NE    0   120.0    -9.5    10.0   1.0  
   279   CP    0   120.0   -11.5    10.5   1.0  
   280   CP    0   122.5    -7.5     9.5   1.0  
   281   NE    0   122.5    -3.0     9.5   1.0  
   282   BP    0   106.0   -19.5     8.5   1.0  
   283   NE    0   103.5   -23.5     9.0   1.0  
   284   NE    0   111.0   -22.5     8.5   1.0  
   285   NE    0    84.5   -35.0     7.5   1.0  
   286   BP    0    52.0   -38.5     7.5   4.9  
   287   BP    0    44.5   -38.5     6.5   2.5  
   288   CP    0    40.5   -41.5     5.5   1.4  
   289   CP    0    36.5   -40.0     5.5   1.4  
   290   BP    0    36.0   -39.5     5.5   1.3  
   291   NE    0    32.0   -35.0     5.5   1.3  
   292   NE    0    30.5   -37.5     5.5   1.3  
   293   BP    0    42.0   -35.5     7.0   1.1  
   294   NE    0    38.0   -36.5     7.0   1.1  
   295   NE    0    38.5   -31.5     7.0   1.1  
   296   BP    0    52.0   -42.5     7.5   4.8  
   297   CP    0    48.5   -43.0     7.5   1.5  
   298   CP    0    48.0   -47.0     7.5   1.5  
   299   BP    0    46.5   -48.0     7.5   1.6  
   300   CP    0    42.5   -45.5     7.5   1.2  
   301   BP    0    39.0   -43.0     7.5   1.2  
   302   CP    0    31.5   -43.5     7.5   1.2  
   303   NE    0    28.0   -42.0     7.5   1.2  
   304   CP    0    39.0   -40.0     7.5   1.2  
   305   NE    0    39.0   -38.0     7.5   1.2  
   306   BP    0    40.5   -51.5     7.5   1.2  
   307   CP    0    37.0   -49.5     7.5   1.2  
   308   CP    0    35.0   -47.0     7.5   1.2  
   309   BP    0    32.5   -47.5     6.5   1.2  
   310   NE    0    29.5   -46.0     6.5   1.2  
   311   BP    0    30.5   -48.5     6.5   1.2  
   312   NE    0    27.0   -49.5     6.5   1.2  
   313   NE    0    31.5   -51.5     6.5   1.2  
   314   CP    0    37.0   -53.5     7.5   1.2  
   315   BP    0    35.0   -55.5     7.5   1.2  
   316   BP    0    39.5   -57.5     7.5   1.2  
   317   NE    0    39.5   -60.5     7.5   1.2  
   318   NE    0    41.5   -57.5     7.5   1.2  
   319   BP    0    35.0   -58.5     7.5   1.2  
   320   NE    0    27.0   -58.5     7.5   1.2  
   321   NE    0    33.5   -62.0     7.5   1.2  
   322   CP    0    56.5   -47.5     6.0   3.9  
   323   CP    0    60.0   -51.0     6.0   3.9  
   324   BP    0    64.5   -53.0     7.5   3.9  
   325   CP    0    67.5   -50.5     8.0   3.0  
   326   BP    0    69.5   -44.0     8.0   1.7  
   327   BP    0    68.5   -42.0     8.0   1.7  
   328   BP    0    66.5   -38.5     8.0   1.7  
   329   BP    0    66.0   -32.0     8.0   1.7  
   330   NE    0    63.0   -31.0     8.0   1.0  
   331   NE    0    66.5   -29.0     8.0   1.0  
   332   CP    0    63.0   -36.0     8.0   1.0  
   333   BP    0    63.0   -34.5     8.0   1.0  
   334   NE    0    63.0   -31.5     8.0   1.0  
   335   NE    0    60.0   -33.5     8.0   1.0  
   336   BP    0    64.0   -43.0     8.0   1.0  
   337   NE    0    63.5   -40.0     8.0   1.0  
   338   BP    0    62.5   -43.0     8.0   1.0  
   339   CP    0    62.0   -38.5     8.0   1.2  
   340   BP    0    59.0   -34.5     8.0   1.2  
   341   NE    0    59.5   -32.5     8.0   1.2  
   342   NE    0    55.5   -34.5     8.0   1.2  
   343   CP    0    60.5   -45.0     8.0    .6  
   344   NE    0    57.0   -42.0     8.0    .6  
   345   CP    0    65.5   -43.5     6.5    .6  
   346   NE    0    63.0   -46.5     6.5    .6  
   347   BP    0    68.0   -55.5     7.5   5.0  
   348   BP    0    78.0   -47.5     7.5   1.6  
   349   BP    0    81.5   -42.5     7.5   1.3  
   350   BP    0    78.0   -42.5     7.5   1.3  
   351   BP    0    71.0   -43.5     7.5   1.3  
   352   NE    0    71.5   -46.0     7.5   1.3  
   353   BP    0    74.0   -41.0     7.5   1.3  
   354   CP    0    71.5   -35.5     7.5   1.3  
   355   NE    0    70.5   -32.0     7.5   1.3  
   356   CP    0    78.5   -41.0     7.5   1.3  
   357   BP    0    80.5   -38.0     7.0   1.3  
   358   NE    0    73.0   -32.5     7.5   1.3  
   359   NE    0    83.0   -35.5     7.0   1.3  
   360   CP    0    83.5   -40.0     7.0   1.3  
   361   NE    0    85.5   -35.5     7.5   1.3  
   362   NE    0    84.5   -42.5     7.5   1.0  
   363   BP    0    85.5   -47.0     7.5   1.3  
   364   NE    0    84.0   -44.5     8.0   1.0  
   365   BP    0    89.0   -46.5     8.0   1.0  
   366   BP    0    95.0   -43.0     7.5   2.0  
   367   BP    0    95.5   -37.0     8.0   1.7  
   368   NE    0    88.0   -40.5     7.5    .8  
   369   BP    0    94.5   -35.0     8.5   1.9  
   370   BP    0    93.0   -30.5     8.5   1.5  
   371   NE    0    87.0   -32.5     8.0   1.5  
   372   CP    0    92.5   -26.0     8.5   1.1  
   373   BP    0    93.5   -23.5     8.5   1.1  
   374   NE    0    92.5   -22.0     8.5   1.1  
   375   CP    0    99.0   -23.5     8.5   1.1  
   376   BP    0   106.0   -25.0     8.5   1.1  
   377   CP    0   109.5   -20.5     8.5   1.1  
   378   NE    0   112.5   -15.5     8.0   1.1  
   379   BP    0   113.5   -24.5     8.5    .9  
   380   NE    0   118.0   -20.5     8.5    .9  
   381   NE    0   119.0   -28.0     8.0    .9  
   382   BP    0   103.0   -29.5     9.0    .9  
   383   CP    0   111.0   -28.0     9.0    .9  
   384   NE    0   113.5   -26.0     8.5    .9  
   385   BP    0   109.5   -32.0    11.0    .9  
   386   NE    0   114.5   -29.5    10.5    .9  
   387   NE    0   119.5   -30.5    11.0    .9  
   388   BP    0    99.0   -43.0     6.5   1.4  
   389   BP    0   102.0   -38.5     5.0   1.4  
   390   NE    0   107.0   -32.0     5.5   1.4  
   391   BP    0   107.0   -36.5     6.0   1.4  
   392   NE    0   101.0   -32.5     6.0   1.4  
   393   NE    0   108.5   -37.0     6.0   1.2  
   394   BP    0   102.0   -43.0     6.5   1.5  
   395   BP    0   109.0   -46.0     6.5   1.5  
   396   BP    0   112.5   -40.5     7.0   1.5  
   397   CP    0   115.5   -34.5     8.0   1.5  
   398   NE    0   121.0   -32.5     8.0   1.5  
   399   BP    0   121.5   -36.0     7.0   1.5  
   400   NE    0   122.0   -30.0     7.0   1.5  
   401   NE    0   126.0   -36.0     6.5   1.5  
   402   NE    0   109.0   -46.0     8.5   1.5  
   403   CP    0   102.5   -48.5    11.0   1.5  
   404   CP    0    97.5   -49.5    11.0   1.0  
   405   NE    0    90.5   -48.5    11.0   1.0  
   406   NE    0    89.0   -48.5     8.0   1.0  
   407   BP    0    71.5   -56.5     7.0   6.6  
   408   BP    0    81.0   -53.0    10.0   3.5  
   409   NE    0    79.5   -48.0    10.0   1.6  
   410   BP    0    87.5   -55.5    10.0   5.0  
   411   CP    0    91.5   -51.0    10.0   2.0  
   412   BP    0   101.5   -53.0     9.5   2.6  
   413   BP    0   109.0   -49.5     9.5   1.9  
   414   NE    0   111.0   -45.0     9.5   1.5  
   415   BP    0   114.5   -48.5     9.5   1.7  
   416   BP    0   119.5   -43.0     9.5   1.7  
   417   CP    0   124.0   -37.5     9.5   1.2  
   418   BP    0   124.0   -33.5     9.5   1.2  
   419   BP    0   122.0   -25.0     9.5   1.2  
   420   NE    0   120.5   -25.0     9.5   1.2  
   421   NE    0   122.0   -18.5    10.0   1.2  
   422   CP    0   126.0   -28.0     9.5   1.2  
   423   NE    0   128.5   -23.5    10.0   1.2  
   424   BP    0   129.0   -37.0    10.0   1.3  
   425   BP    0   136.0   -28.5    10.0   1.3  
   426   NE    0   136.5   -19.5    10.0   1.3  
   427   CP    0   144.0   -26.5    10.0   1.3  
   428   NE    0   148.0   -27.5    10.0   1.3  
   429   BP    0   141.0   -33.5    10.0   1.3  
   430   NE    0   150.5   -29.5    10.0   1.3  
   431   CP    0   148.5   -36.5     8.5   1.1  
   432   NE    0   164.0   -39.0    10.0   1.1  
   433   BP    0   129.0   -47.5    11.0   1.1  
   434   NE    0   140.5   -49.5    10.5   1.1  
   435   NE    0   147.0   -43.5    11.0   1.1  
   436   BP    0   106.0   -58.5    11.0   1.1  
   437   BP    0   122.5   -54.5    11.0   1.1  
   438   NE    0   123.0   -49.5    10.0   2.0  
   439   BP    0   127.0   -57.5    11.0   1.8  
   440   CP    0   136.0   -57.5    11.0   1.8  
   441   BP    0   138.0   -57.5     9.5   1.8  
   442   CP    0   144.0   -53.0     9.5   1.8  
   443   BP    0   149.5   -52.5    10.0   1.7  
   444   NE    0   149.0   -58.5    10.0   1.2  
   445   NE    0   155.5   -54.0    10.0   1.2  
   446   NE    0   138.0   -58.5     9.5   1.2  
   447   NE    0   127.0   -60.0     9.0   1.2  
   448   BP    0   113.0   -60.5    10.0   1.1  
   449   NE    0   116.0   -66.0    10.5   1.1  
   450   BP    0   124.5   -63.5    10.0   1.1  
   451   BP    0   132.0   -62.5    10.0   1.2  
   452   NE    0   140.5   -61.0    10.5   1.2  
   453   CP    0   138.5   -66.5    10.0   1.0  
   454   CP    0   148.0   -65.5    10.0   1.0  
   455   BP    0   157.0   -67.5    10.5    .9  
   456   NE    0   157.0   -71.0    10.5    .9  
   457   NE    0   160.5   -68.0    10.5    .9  
   458   CP    0   129.5   -70.0    10.0    .9  
   459   CP    0   134.5   -72.0    10.5    .9  
   460   BP    0   138.5   -72.0    10.5    .9  
   461   CP    0   149.5   -87.5    10.5    .9  
   462   NE    0   149.5   -87.5    10.5    .9  
   463   CP    0   143.0   -72.0    10.5    .9  
   464   BP    0   145.0   -74.0    11.0    .9  
   465   NE    0   152.5   -74.5    12.0    .9  
   466   NE    0   151.0   -80.5    10.5    .9  
   467   CP    0    96.5   -65.5    11.0   3.7  
   468   CP    0   109.5   -71.5    10.5   3.0  
   469   CP    0   120.0   -75.5    10.5   3.0  
   470   BP    0   123.0   -80.5     9.0   4.0  
   471   CP    0   126.5   -82.0    11.0   1.8  
   472   BP    0   128.5   -89.0    11.0   1.8  
   473   CP    0   131.5   -87.5    12.0   1.1  
   474   CP    0   131.5   -81.0    11.5   1.1  
   475   CP    0   126.0   -76.0    11.5   1.1  
   476   BP    0   124.0   -74.0    11.5   1.1  
   477   NE    0   128.5   -72.0    11.5   1.1  
   478   NE    0   117.0   -70.0    11.0   1.1  
   479   BP    0   130.5   -90.0    11.5   1.1  
   480   NE    0   135.0   -90.0    13.0   1.1  
   481   CP    0   127.0   -94.0    12.0   1.1  
   482   BP    0   130.5   -97.5    12.0   1.1  
   483   BP    0   137.0   -94.0    11.5   1.1  
   484   BP    0   137.5   -89.5    11.5   1.1  
   485   BP    0   138.0   -85.0    11.5   1.1  
   486   NE    0   139.5   -76.0    12.0   1.1  
   487   NE    0   142.0   -80.5    11.5   1.1  
   488   BP    0   143.5   -90.0    11.0   1.1  
   489   NE    0   146.0   -84.0    10.5   1.1  
   490   BP    0   148.0   -91.5    12.0   1.1  
   491   NE    0   154.5   -83.5    12.0   1.1  
   492   NE    0   157.5   -97.0    12.0   1.1  
   493   CP    0   143.0   -95.0    11.5   1.1  
   494   BP    0   149.5   -99.0    11.5   1.1  
   495   NE    0   148.0   -94.0    11.5   1.1  
   496   BP    0   151.5   -99.5    11.5   1.1  
   497   NE    0   152.0  -107.0    11.5   1.1  
   498   NE    0   160.5  -104.5    11.5   1.1  
   499   CP    0   134.0  -106.5    12.0   1.1  
   500   NE    0   134.0  -111.5    11.5   1.1  
   501   BP    0   119.5   -95.5    10.0   4.2  
   502   CP    0   116.0   -97.0    10.0   1.6  
   503   BP    0   112.5   -87.0    11.0   1.6  
   504   CP    0   104.0   -90.0    11.0   1.3  
   505   CP    0    95.0   -88.5    11.0   1.3  
   506   CP    0    89.0   -81.0    11.0   1.3  
   507   CP    0    88.5   -75.0    11.0   1.3  
   508   NE    0    81.0   -64.5    11.0   1.3  
   509   BP    0   113.5   -83.0    11.0   1.1  
   510   BP    0   113.5   -79.0    10.5   1.1  
   511   NE    0   111.5   -78.0    11.0   1.1  
   512   NE    0   119.0   -80.5    10.5   1.1  
   513   NE    0   109.5   -83.5    11.0   1.1  
   514   BP    0   120.0   -98.5    11.0   4.3  
   515   BP    0   116.0  -105.5    11.5   1.9  
   516   NE    0   110.0  -118.5    11.0   1.8  
   517   BP    0   116.5  -120.0    11.5   1.8  
   518   CP    0   113.5  -130.0    11.0   1.2  
   519   BP    0   112.5  -136.0    11.0   1.2  
   520   CP    0   101.0  -137.0    11.5   1.2  
   521   NE    0    94.5  -145.0    11.5   1.2  
   522   BP    0   112.0  -141.0    11.0   1.2  
   523   NE    0   108.5  -145.0    11.5   1.2  
   524   NE    0   114.0  -146.0    11.0   1.2  
   525   NE    0   118.0  -138.0    12.0   1.2  
   526   CP    0   120.0  -108.0    13.0   3.1  
   527   CP    0   120.0  -116.0    13.0   3.1  
   528   BP    0   121.0  -120.0    13.0   3.1  
   529   CP    0   119.0  -123.0    12.5   1.6  
   530   CP    0   118.0  -128.5    12.5   1.6  
   531   CP    0   121.0  -133.0    13.0   1.6  
   532   CP    0   121.0  -140.0    12.5   1.6  
   533   CP    0   119.5  -145.5    12.5   1.6  
   534   BP    0   123.5  -151.0     9.5   1.8  
   535   CP    0   128.5  -162.0    10.0   1.7  
   536   BP    0   132.0  -171.0    10.0   1.2  
   537   CP    0   136.5  -171.5    10.0   1.2  
   538   NE    0   137.0  -176.5    10.0   1.2  
   539   BP    0   132.5  -173.0    10.0    .9  
   540   NE    0   136.0  -175.5    10.0    .9  
   541   CP    0   131.5  -177.0     8.5    .9  
   542   CP    0   125.5  -179.5     8.5    .9  
   543   BP    0   124.0  -183.0     8.5    .9  
   544   BP    0   122.5  -187.5     9.0    .9  
   545   NE    0   122.5  -190.0     9.0    .9  
   546   NE    0   128.5  -192.5     9.5    .9  
   547   NE    0   128.5  -192.5     9.5    .9  
   548   CP    0   123.5  -158.5    10.5    .9  
   549   BP    0   123.0  -161.5     9.5    .9  
   550   BP    0   120.5  -161.5     9.5    .9  
   551   NE    0   120.0  -160.0     9.5    .9  
   552   BP    0   117.0  -167.0     9.0    .9  
   553   NE    0   120.0  -171.5     9.0    .9  
   554   CP    0   114.5  -171.0     9.0    .9  
   555   CP    0   115.0  -178.5    10.5    .9  
   556   BP    0   115.0  -190.0     8.5    .9  
   557   NE    0   115.0  -192.0     8.5    .9  
   558   NE    0   119.0  -192.0     8.5    .9  
   559   BP    0   125.0  -166.5    10.0    .9  
   560   CP    0   119.0  -175.5    10.5    .9  
   561   NE    0   115.0  -186.0    10.5    .9  
   562   CP    0   128.0  -170.5     9.0    .9  
   563   CP    0   124.0  -174.0     9.0    .9  
   564   NE    0   121.0  -182.0     9.5    .9  
   565   BP    0   123.5  -125.0    12.0   5.4  
   566   BP    0   130.5  -123.5    12.0   1.8  
   567   BP    0   135.0  -121.0    12.0   1.2  
   568   BP    0   133.5  -118.0    12.0   1.0  
   569   NE    0   135.0  -113.0    12.0   1.0  
   570   CP    0   128.0  -113.5    12.0   1.0  
   571   CP    0   129.0  -105.5    12.0   1.0  
   572   NE    0   127.5   -98.5    12.0   1.0  
   573   CP    0   139.0  -113.5    11.0   1.0  
   574   BP    0   139.0  -101.5    11.5   1.0  
   575   NE    0   137.5   -95.5    11.5   1.0  
   576   CP    0   141.0  -100.5    11.5   1.0  
   577   NE    0   141.0   -98.0    12.0   1.0  
   578   BP    0   136.0  -124.5    12.0   1.0  
   579   CP    0   139.0  -120.0    12.5   1.0  
   580   BP    0   143.5  -114.5    12.5   1.0  
   581   NE    0   143.0  -100.0    14.0   1.0  
   582   BP    0   144.5  -115.0    12.0   1.0  
   583   NE    0   149.0  -116.5    13.0   1.0  
   584   NE    0   149.5  -114.0    12.0   1.0  
   585   CP    0   149.0  -119.0    11.0   1.0  
   586   BP    0   152.5  -118.0    12.0   1.0  
   587   BP    0   152.5  -115.0    12.5   1.0  
   588   NE    0   151.5  -114.0    12.5   1.0  
   589   NE    0   155.5  -112.5    12.5   1.0  
   590   NE    0   158.5  -116.0    12.0   1.0  
   591   CP    0   129.0  -127.0    11.5   3.4  
   592   BP    0   133.0  -128.5    11.0   3.4  
   593   CP    0   131.0  -133.5    11.0   1.5  
   594   CP    0   137.5  -137.5    11.0   1.5  
   595   CP    0   141.5  -142.5    11.0   1.5  
   596   BP    0   147.5  -144.0    11.0   1.2  
   597   CP    0   152.0  -147.0    11.0   1.2  
   598   CP    0   156.0  -149.5    11.0   1.2  
   599   NE    0   160.5  -156.5    11.0   1.2  
   600   BP    0   151.5  -141.5    11.0   1.2  
   601   NE    0   152.0  -139.0    11.0   1.2  
   602   CP    0   153.5  -145.5    11.0   1.2  
   603   CP    0   159.0  -149.0    11.0   1.0  
   604   BP    0   160.0  -151.0    11.0   1.0  
   605   NE    0   160.0  -148.0    11.0   1.0  
   606   CP    0   160.0  -153.5    11.0   1.0  
   607   NE    0   164.5  -160.0    11.0   1.0  
   608   BP    0   142.5  -126.5    12.5   1.6  
   609   BP    0   150.0  -123.5    12.5   1.1  
   610   CP    0   156.5  -119.5    13.0   1.1  
   611   CP    0   160.5  -116.5    13.0   1.1  
   612   CP    0   165.5  -109.5    13.5   1.1  
   613   BP    0   168.0  -112.0    13.5   1.5  
   614   CP    0   173.0  -112.0    13.0   1.5  
   615   BP    0   179.0  -108.5    12.5   1.5  
   616   CP    0   185.0  -114.0    13.0   1.2  
   617   CP    0   189.0  -112.5    12.5   1.2  
   618   NE    0   190.0  -112.5    12.5   1.2  
   619   BP    0   184.0  -106.0    12.5   1.1  
   620   NE    0   179.5  -102.5    12.5   1.1  
   621   NE    0   187.0  -106.5    12.5   1.1  
   622   CP    0   167.0  -119.0    12.0   1.1  
   623   CP    0   170.0  -123.0    12.0   1.1  
   624   CP    0   175.5  -124.0    12.0   1.1  
   625   CP    0   183.0  -124.0    12.0   1.1  
   626   NE    0   186.0  -127.5    12.0   1.1  
   627   CP    0   160.0  -121.5    11.5   1.1  
   628   BP    0   168.0  -125.0    11.5    .9  
   629   NE    0   171.5  -125.5    11.5    .9  
   630   NE    0   169.5  -122.5    11.5    .9  
   631   BP    0   153.0  -130.5    12.0   1.1  
   632   CP    0   161.0  -129.0    14.0   1.1  
   633   CP    0   167.5  -132.5    14.0   1.5  
   634   CP    0   170.5  -135.5    13.5   1.5  
   635   CP    0   174.0  -134.5    13.5   1.5  
   636   CP    0   176.5  -129.5    14.0   1.5  
   637   NE    0   180.0  -118.5    15.0   1.5  
   638   CP    0   161.5  -137.5    12.0   1.2  
   639   CP    0   169.0  -144.5    12.5   1.2  
   640   CP    0   168.5  -153.0    13.0   1.2  
   641   CP    0   175.0  -155.5    13.5   1.2  
   642   CP    0   186.0  -154.0    11.0   1.2  
   643   NE    0   201.0  -153.0    11.0   1.5  
   644   CP    0    72.5   -62.0    10.0   4.2  
   645   BP    0    79.5   -68.0    10.0   4.2  
   646   BP    0    84.0   -66.0    12.0   2.2  
   647   NE    0    91.5   -74.0    13.0   2.2  
   648   CP    0    92.5   -72.5    12.0   1.7  
   649   BP    0    98.5   -81.0    11.5   1.7  
   650   BP    0   102.0   -81.0    11.5   1.7  
   651   NE    0   107.5   -78.5    11.5   1.7  
   652   NE    0   105.0   -83.5    11.5   1.7  
   653   CP    0    98.5   -87.5    11.5   1.7  
   654   CP    0    98.5   -95.0    11.5   1.7  
   655   CP    0    99.0   -99.0    11.5   1.4  
   656   CP    0   101.5  -101.5    11.5   1.4  
   657   CP    0   106.0  -107.5    11.0   1.4  
   658   CP    0   110.0  -113.0    11.0   1.4  
   659   BP    0   105.5  -120.0    11.0   1.1  
   660   CP    0   104.5  -126.5    11.0   1.1  
   661   NE    0   109.0  -130.5    12.0   1.1  
   662   NE    0   101.0  -127.5    11.5   1.1  
   663   BP    0    80.5   -70.0    10.0   3.4  
   664   BP    0    88.5   -78.0     9.5   1.8  
   665   CP    0    85.5   -85.0    11.5   1.8  
   666   CP    0    87.5   -89.5    11.0   1.3  
   667   BP    0    90.0   -91.5    11.0   1.3  
   668   NE    0    90.5   -96.0    12.5   1.3  
   669   NE    0    96.5   -97.0    11.0   1.3  
   670   BP    0    95.0   -77.0    11.5   2.1  
   671   CP    0   100.0   -86.0    13.0   1.7  
   672   NE    0    97.5   -97.5    12.0   1.7  
   673   CP    0   101.0   -76.5    12.0   1.5  
   674   CP    0   109.5   -73.5    14.0   1.5  
   675   CP    0   114.5   -67.5     9.5   1.5  
   676   BP    0   117.5   -66.5     9.5   1.5  
   677   NE    0   121.0   -64.0    10.5   1.5  
   678   NE    0   122.5   -68.0     9.5   1.5  
   679   CP    0    80.5   -78.0    12.0   3.4  
   680   BP    0    78.5   -86.0    12.0   6.0  
   681   BP    0    73.5   -85.5    12.0   2.1  
   682   CP    0    70.5   -89.5    12.0   1.4  
   683   CP    0    64.0   -91.5    12.0   1.4  
   684   CP    0    55.5   -95.5    12.0   1.4  
   685   NE    0    54.0   -97.5    11.5   1.1  
   686   BP    0    71.5   -84.0    12.0   1.3  
   687   CP    0    63.0   -83.0    12.5   1.3  
   688   NE    0    59.0   -86.0    12.5   1.3  
   689   NE    0    68.0   -70.5    13.0   1.3  
   690   CP    0    80.0   -90.5    12.0   3.9  
   691   BP    0    78.0   -99.0    11.5   5.8  
   692   BP    0    71.5  -101.0    12.5   2.0  
   693   CP    0    74.0  -108.5    12.5   2.0  
   694   NE    0    78.5  -110.0    12.0   1.5  
   695   CP    0    65.0  -102.0    12.0   1.5  
   696   BP    0    63.5  -101.5    12.0   1.5  
   697   BP    0    63.5  -107.0    12.0   1.5  
   698   NE    0    58.5  -121.0    12.5   1.5  
   699   CP    0    70.0  -116.0    13.0   1.5  
   700   NE    0    63.5  -130.0    13.0   1.5  
   701   BP    0    57.0   -99.5    13.5   1.5  
   702   CP    0    50.5  -112.5    13.5   1.5  
   703   NE    0    43.5  -115.5    13.5   1.5  
   704   BP    0    49.5   -98.0    13.0   1.5  
   705   BP    0    46.5  -103.0    13.0   1.5  
   706   CP    0    44.5  -105.0    13.0   1.5  
   707   NE    0    39.0  -102.5    13.0   1.5  
   708   NE    0    46.0  -111.5    13.0   1.5  
   709   BP    0    45.0   -96.5    13.0   1.5  
   710   NE    0    39.5   -94.0    13.0   1.5  
   711   NE    0    40.0   -99.5    13.0   1.5  
   712   CP    0    83.5  -107.0    11.5   3.0  
   713   CP    0    87.5  -111.0    11.5   3.0  
   714   BP    0    90.0  -111.5    11.5   2.7  
   715   BP    0    96.0  -109.0    11.5   1.5  
   716   NE    0   101.5  -107.0    12.0   1.5  
   717   CP    0    99.0  -112.5    11.5   1.5  
   718   CP    0   102.5  -112.5    11.5   1.5  
   719   CP    0   106.5  -121.5    12.0   1.5  
   720   NE    0   104.0  -127.0    12.0   1.5  
   721   CP    0    93.5  -117.0    12.5   3.5  
   722   CP    0    94.0  -123.0    12.5   3.5  
   723   BP    0    92.0  -126.0    12.5   3.5  
   724   BP    0   102.5  -132.0    12.5   2.1  
   725   NE    0   107.0  -130.5    12.0   1.5  
   726   CP    0   106.0  -135.0    13.0   1.2  
   727   NE    0   107.0  -138.0    13.0   1.2  
   728   CP    0    86.5  -130.0    12.0   2.9  
   729   CP    0    80.5  -136.0    12.0   2.9  
   730   CP    0    79.0  -142.0    12.0   2.9  
   731   BP    0    78.5  -148.0    11.5   4.0  
   732   BP    0    75.5  -152.0    11.5   1.7  
   733   CP    0    73.0  -155.5    11.5   1.4  
   734   BP    0    69.0  -154.0    10.5   1.4  
   735   CP    0    60.5  -150.0    10.5   1.3  
   736   BP    0    55.0  -143.5    10.5   1.3  
   737   CP    0    50.0  -147.0    10.5   1.3  
   738   NE    0    50.0  -149.5    11.0   1.3  
   739   NE    0    50.0  -141.0    11.5   1.3  
   740   CP    0    63.0  -160.0    10.5   1.3  
   741   NE    0    61.0  -161.0    11.0   1.3  
   742   BP    0    78.0  -158.0    12.0   1.6  
   743   BP    0    69.5  -163.0    12.0   1.6  
   744   BP    0    67.5  -161.5    12.5   1.3  
   745   NE    0    67.5  -158.5    10.0   1.3  
   746   NE    0    63.5  -162.0    10.5   1.3  
   747   CP    0    69.5  -168.5    13.0   1.3  
   748   CP    0    65.0  -171.0    11.0   1.3  
   749   NE    0    62.5  -173.5    11.0   1.3  
   750   CP    0    79.5  -164.5    12.0   1.3  
   751   CP    0    71.0  -170.5    12.0   1.3  
   752   BP    0    67.0  -177.0    10.0   1.3  
   753   NE    0    63.5  -178.5    10.0   1.0  
   754   NE    0    69.5  -178.0    10.0   1.0  
   755   BP    0    81.0  -149.0    11.5   4.8  
   756   BP    0    87.0  -149.0    11.5   2.6  
   757   BP    0    88.5  -146.5    11.5   1.6  
   758   NE    0    95.5  -149.5    12.0   1.6  
   759   BP    0    85.5  -142.0    11.5   1.4  
   760   NE    0    82.5  -142.0    11.5   1.4  
   761   BP    0    86.5  -139.0    12.0   1.2  
   762   NE    0    87.0  -133.0    12.5   1.2  
   763   NE    0    93.0  -133.5    12.5   1.2  
   764   BP    0    91.5  -153.5    13.0   3.3  
   765   BP    0   104.0  -150.0    13.0   1.4  
   766   NE    0   109.0  -154.0    12.5   1.1  
   767   NE    0   106.5  -146.0    13.5   1.1  
   768   BP    0    93.5  -156.0    12.5   4.4  
   769   BP    0   103.0  -158.0    12.0   2.6  
   770   BP    0   104.0  -160.5    12.0   1.7  
   771   CP    0   100.0  -168.5    11.5   1.3  
   772   CP    0   101.0  -173.5    11.5   1.3  
   773   CP    0   103.0  -177.5    11.5   1.3  
   774   BP    0   104.0  -178.5    10.5   1.3  
   775   BP    0   107.5  -174.0    10.5    .8  
   776   NE    0   106.0  -172.0    10.5    .8  
   777   NE    0   108.0  -173.0    10.5    .8  
   778   NE    0   105.0  -185.5    10.5    .8  
   779   BP    0   110.0  -169.0    11.0    .8  
   780   CP    0   110.5  -167.0    11.0    .8  
   781   NE    0   106.5  -161.0    11.5    .8  
   782   BP    0   111.5  -171.5    11.0    .8  
   783   NE    0   113.0  -169.5    10.5    .8  
   784   CP    0   111.5  -177.5    12.0    .8  
   785   NE    0   110.5  -186.5    12.0    .8  
   786   BP    0   112.0  -158.0    12.0    .8  
   787   BP    0   114.0  -155.5    12.0   1.3  
   788   BP    0   112.0  -152.0    12.0   1.3  
   789   NE    0   110.0  -149.0    11.5   1.3  
   790   BP    0   114.0  -149.5    12.0   1.3  
   791   NE    0   114.0  -148.0    12.0   1.3  
   792   NE    0   116.5  -148.5    12.5   1.3  
   793   BP    0   116.5  -152.5    10.5   1.1  
   794   NE    0   116.5  -150.0    11.0   1.0  
   795   NE    0   119.0  -153.5    11.5   1.0  
   796   BP    0   117.5  -160.0    11.0   1.3  
   797   BP    0   119.0  -160.0    11.0   1.3  
   798   NE    0   121.0  -156.0    11.0   1.3  
   799   CP    0   122.5  -165.0    11.0   1.3  
   800   NE    0   125.0  -167.0    11.0   1.3  
   801   NE    0   115.5  -164.0    10.5   1.3  
   802   CP    0    97.5  -164.0    12.0   1.5  
   803   CP    0    99.5  -167.0    12.0   1.5  
   804   CP    0   106.0  -170.0    12.0   1.5  
   805   CP    0   108.5  -176.5    12.5   1.5  
   806   CP    0   108.0  -182.0    12.5   1.5  
   807   CP    0   106.0  -187.0    11.5   1.5  
   808   BP    0   110.0  -192.0     9.5   1.5  
   809   BP    0   113.0  -194.5    10.5   1.5  
   810   NE    0   115.0  -194.5    10.5   1.5  
   811   NE    0   112.5  -204.0    12.5   1.5  
   812   BP    0   106.5  -202.0     9.0   1.5  
   813   NE    0   112.0  -215.5     9.5   1.2  
   814   BP    0   101.5  -202.0     6.5   1.2  
   815   BP    0   102.5  -206.5     6.0   1.6  
   816   CP    0   106.5  -209.0     7.0   1.6  
   817   BP    0   106.5  -216.0     7.0   1.4  
   818   NE    0   110.0  -216.5     6.5   1.3  
   819   NE    0   107.5  -217.5     7.5   1.3  
   820   NE    0   103.5  -217.0     6.0   1.3  
   821   NE    0    96.0  -200.0     6.5   1.3  
   822   CP    0    81.0  -155.5    12.5   1.8  
   823   BP    0    88.5  -167.5    11.5   3.3  
   824   CP    0    92.0  -171.5    12.0   2.1  
   825   BP    0    91.0  -174.5    12.0   2.6  
   826   CP    0    87.5  -178.5    11.5   1.9  
   827   BP    0    84.5  -182.0    11.0   1.6  
   828   CP    0    70.5  -189.0    11.0   1.6  
   829   NE    0    67.5  -190.0    11.0   1.6  
   830   CP    0    86.5  -187.0    11.0   1.6  
   831   CP    0    89.0  -197.5    12.5   1.6  
   832   NE    0    92.0  -199.5    11.5   1.6  
   833   BP    0    91.0  -185.5    11.0   1.6  
   834   CP    0    84.5  -192.0    11.0   1.6  
   835   CP    0    84.5  -199.5    11.5   1.6  
   836   NE    0    92.0  -207.5     9.5   1.6  
   837   CP    0    93.0  -195.0    13.0   1.6  
   838   BP    0    94.0  -201.5    15.5   1.6  
   839   BP    0    93.5  -208.5     8.5   1.6  
   840   NE    0    99.0  -211.0     8.5   1.6  
   841   NE    0    90.0  -210.0     8.5   1.6  
   842   NE    0    96.5  -204.0     7.0   1.6  
   843   CP    0    82.5  -172.5    11.5   1.6  
   844   BP    0    74.5  -176.5    11.5   1.9  
   845   BP    0    76.0  -193.0    10.5   1.9  
   846   NE    0    81.5  -205.0    14.0   1.9  
   847   NE    0    71.0  -201.5    11.0   1.9  
   848   CP    0    68.0  -184.0    11.5   1.9  
   849   NE    0    64.5  -201.0    12.5   1.9  
   850   CP    0    13.0   -15.5     1.0   5.4  
   851   CP    0    12.0   -22.5      .5   4.1  
   852   BP    0    13.5   -33.0    -1.0   3.9  
   853   NE    0     7.0   -40.0    -1.0   1.8  
   854   BP    0    13.5   -39.5     1.0   4.3  
   855   CP    0    19.0   -39.0     1.0   4.2  
   856   BP    0    23.5   -43.0     1.0   4.2  
   857   BP    0    26.0   -41.5     1.0   1.7  
   858   NE    0    28.5   -40.0     1.5   1.7  
   859   BP    0    24.0   -35.0     1.0   1.7  
   860   NE    0    24.0   -25.0     1.5   1.7  
   861   CP    0    21.5   -30.5     1.0   1.7  
   862   NE    0    20.0   -24.5     1.0   1.7  
   863   BP    0    24.5   -47.5     1.0   4.4  
   864   CP    0    28.5   -50.5      .0   2.2  
   865   CP    0    29.5   -54.0     1.0   2.2  
   866   CP    0    31.0   -60.5     1.5   2.2  
   867   BP    0    35.0   -63.0     1.5   2.2  
   868   BP    0    35.0   -65.5     1.0   1.5  
   869   NE    0    34.5   -70.0     1.0   1.5  
   870   NE    0    40.5   -67.5     1.0   1.5  
   871   BP    0    41.0   -61.0     2.5   1.5  
   872   BP    0    43.5   -67.0     2.5   1.5  
   873   NE    0    42.0   -71.0     2.5   1.5  
   874   CP    0    48.5   -67.5     2.5   1.5  
   875   BP    0    52.5   -66.5     3.0   1.3  
   876   NE    0    57.0   -71.0     3.0   1.3  
   877   NE    0    54.5   -62.0     3.0   1.3  
   878   CP    0    43.0   -59.5     2.5   1.5  
   879   CP    0    46.5   -57.5     2.5   1.6  
   880   CP    0    53.0   -56.5     2.5   1.8  
   881   BP    0    57.5   -56.5     2.5   4.1  
   882   NE    0    57.0   -48.5     2.5   2.1  
   883   BP    0    64.0   -57.5     2.5   3.2  
   884   CP    0    72.5   -57.5     1.5   2.0  
   885   BP    0    81.0   -57.5     2.0   2.0  
   886   NE    0    82.0   -63.0     2.0   2.0  
   887   CP    0    87.5   -57.5     2.0   2.0  
   888   CP    0    99.0   -56.0     2.0   2.0  
   889   CP    0   113.5   -54.5     2.0   2.0  
   890   BP    0   123.0   -53.0     1.5   1.7  
   891   NE    0   123.5   -43.0     2.0   1.7  
   892   CP    0   127.5   -55.5     1.5   1.7  
   893   NE    0   131.5   -54.0     1.5   1.7  
   894   BP    0    69.0   -63.0     2.5   2.0  
   895   CP    0    70.0   -67.0     2.5   1.6  
   896   NE    0    70.5   -69.0     1.5   1.6  
   897   CP    0    76.5   -64.5     2.5   1.6  
   898   CP    0    86.0   -64.0     3.5   1.6  
   899   CP    0    92.0   -68.0     5.0   1.6  
   900   NE    0    95.0   -70.0     5.5   1.6  
   901   CP    0    21.0   -53.0    -1.5   3.3  
   902   BP    0    20.5   -68.0    -1.5   5.0  
   903   CP    0    15.5   -68.5    -1.5   2.0  
   904   CP    0    11.5   -71.0    -1.5   2.0  
   905   BP    0    11.5   -71.5    -1.5   2.0  
   906   CP    0     9.0   -75.5    -1.5   2.0  
   907   BP    0     -.5   -72.5    -1.5   2.0  
   908   CP    0    -6.5   -71.0    -1.5   2.0  
   909   NE    0   -12.5   -69.5    -1.5   2.0  
   910   BP    0    -2.5   -77.0    -1.5   2.0  
   911   NE    0    -6.5   -78.0    -1.5   2.0  
   912   CP    0     -.5   -82.5    -1.0   2.0  
   913   CP    0     3.5   -84.0      .0   2.0  
   914   NE    0     6.5   -98.0      .5   2.0  
   915   CP    0     7.0   -72.0    -1.5   2.0  
   916   NE    0     4.0   -66.5    -1.5   1.6  
   917   BP    0    23.5   -73.0    -1.0   3.1  
   918   CP    0    17.0   -75.5    -1.5   1.9  
   919   BP    0    13.0   -79.0    -1.5   1.9  
   920   CP    0      .0   -82.5    -1.5   1.9  
   921   CP    0    -4.0   -82.5    -1.5   1.9  
   922   NE    0    -4.5   -80.5    -1.5   1.8  
   923   BP    0    16.5   -81.5    -1.0   1.8  
   924   NE    0    25.0   -82.5     -.5   1.5  
   925   CP    0    16.5   -89.0     -.5   1.5  
   926   NE    0    14.5   -95.5     -.5   1.5  
   927   CP    0    26.0   -78.0     -.5   2.3  
   928   BP    0    32.5   -83.5      .0   2.3  
   929   CP    0    37.0   -80.0      .0   1.2  
   930   CP    0    40.5   -75.5      .5   1.2  
   931   BP    0    44.5   -72.0      .5   1.2  
   932   NE    0    43.5   -69.0      .5   1.2  
   933   CP    0    49.0   -73.0     1.0   1.2  
   934   CP    0    54.0   -76.5     1.5   1.2  
   935   BP    0    51.5   -80.0     1.5   1.2  
   936   NE    0    49.0   -77.5     1.5   1.2  
   937   NE    0    60.5   -78.5     2.0   1.2  
   938   CP    0    35.5   -88.0     -.5   2.0  
   939   BP    0    37.0   -95.0     -.5   2.7  
   940   CP    0    41.5   -97.0     -.5   1.9  
   941   NE    0    51.0   -95.5      .0   1.9  
   942   CP    0    35.5  -103.0     -.5   3.0  
   943   BP    0    34.0  -114.0      .5   5.8  
   944   BP    0    44.5  -117.5    -1.5   3.3  
   945   BP    0    50.0  -115.0     -.5   2.2  
   946   NE    0    52.0  -112.5    -1.5   2.2  
   947   BP    0    54.5  -115.5     1.0   2.1  
   948   BP    0    53.0  -119.0     1.0   1.8  
   949   NE    0    48.5  -122.5      .5   1.6  
   950   NE    0    57.0  -123.0     1.0   1.6  
   951   CP    0    59.0  -115.5     1.0   1.6  
   952   BP    0    67.0  -116.5     1.5   1.5  
   953   NE    0    74.5  -116.5     1.5   1.5  
   954   NE    0    82.5  -110.0     3.0   1.5  
   955   CP    0    45.5  -123.0    -1.0   1.5  
   956   BP    0    54.0  -128.5     1.0   1.5  
   957   NE    0    48.0  -132.5     1.0   1.5  
   958   NE    0    61.0  -135.5     3.0   1.5  
   959   CP    0    30.0  -119.0    -1.0   4.2  
   960   CP    0    26.5  -123.0    -1.0   4.2  
   961   CP    0    22.0  -126.5    -1.5   4.2  
   962   CP    0    19.0  -132.5    -1.5   4.2  
   963   BP    0    22.0  -136.0    -1.5   3.3  
   964   BP    0    29.0  -137.5     -.5   2.9  
   965   CP    0    32.5  -135.5     -.5   1.9  
   966   CP    0    38.0  -137.5      .0   1.9  
   967   BP    0    42.0  -139.0      .0   1.8  
   968   NE    0    45.0  -140.0      .0   1.8  
   969   CP    0    44.0  -135.5      .5   1.8  
   970   NE    0    44.0  -130.5      .5   1.8  
   971   BP    0    32.5  -139.5      .5   2.7  
   972   BP    0    40.0  -143.0     1.0   2.0  
   973   CP    0    45.0  -149.0     3.0   2.0  
   974   BP    0    44.5  -149.0    -1.0   2.0  
   975   NE    0    57.5  -150.5      .0   2.0  
   976   BP    0    48.0  -154.0    -1.5   1.4  
   977   NE    0    53.5  -152.0    -1.0   1.4  
   978   CP    0    53.5  -163.5    -1.0   1.4  
   979   BP    0    56.0  -165.0    -1.0   1.4  
   980   NE    0    59.0  -164.0    -1.0   1.4  
   981   BP    0    58.0  -169.0     -.5   1.2  
   982   BP    0    60.0  -171.5     -.5   1.2  
   983   NE    0    63.5  -177.5      .0   1.2  
   984   NE    0    59.0  -174.5     -.5   1.2  
   985   NE    0    55.5  -171.5     -.5   1.2  
   986   CP    0    41.5  -151.5     2.5   1.2  
   987   NE    0    48.0  -157.0     4.0   1.2  
   988   CP    0    36.0  -148.0    -1.5   2.0  
   989   BP    0    36.5  -152.5    -4.0   4.3  
   990   BP    0    39.5  -156.0    -3.5   3.7  
   991   CP    0    43.5  -157.5    -3.5   2.4  
   992   CP    0    48.5  -162.5    -3.0   2.4  
   993   BP    0    51.5  -169.5    -2.0   2.4  
   994   CP    0    54.5  -172.0    -2.0   2.4  
   995   CP    0    57.5  -176.0    -3.0   2.4  
   996   BP    0    62.5  -180.0    -3.0   2.4  
   997   NE    0    62.5  -192.5    -3.0   2.4  
   998   CP    0    66.5  -182.5    -3.0   2.4  
   999   CP    0    68.5  -190.5    -2.5   2.4  
  1000   BP    0    66.5  -198.0    -2.5   2.0  
  1001   NE    0    68.0  -206.0    -5.0   2.0  
  1002   NE    0    63.0  -202.5    -2.5   2.0  
  1003   CP    0    50.5  -172.5    -3.5   1.9  
  1004   CP    0    53.5  -182.0    -2.5   1.9  
  1005   NE    0    53.5  -187.0    -2.5   1.9  
  1006   CP    0    39.5  -161.0    -3.0   1.7  
  1007   BP    0    46.0  -171.5    -3.0   1.7  
  1008   CP    0    51.5  -177.0    -2.0   1.6  
  1009   CP    0    55.0  -187.5    -2.5   1.6  
  1010   BP    0    57.0  -191.0    -2.5   1.6  
  1011   NE    0    60.0  -198.0    -2.5   1.6  
  1012   CP    0    53.5  -198.0    -3.0   1.6  
  1013   CP    0    54.5  -203.0    -3.0   1.6  
  1014   NE    0    55.0  -204.0    -3.0   1.6  
  1015   CP    0    47.0  -181.0    -2.5   1.6  
  1016   BP    0    49.0  -191.0    -2.5   1.5  
  1017   NE    0    53.5  -193.0    -2.0   1.5  
  1018   NE    0    51.0  -212.5    -2.5   1.4  
  1019   CP    0    33.0  -161.0    -4.5   2.3  
  1020   BP    0    36.5  -169.5    -3.0   2.3  
  1021   CP    0    41.0  -179.0    -4.0   2.3  
  1022   BP    0    40.5  -186.0    -3.0   2.3  
  1023   BP    0    45.0  -194.0    -3.0   2.0  
  1024   NE    0    51.0  -200.5    -2.5   2.0  
  1025   NE    0    49.0  -209.0     -.5   2.0  
  1026   BP    0    39.5  -192.0    -3.5   2.0  
  1027   CP    0    42.0  -197.5    -3.5   2.0  
  1028   NE    0    39.0  -204.0    -3.5   2.0  
  1029   CP    0    36.5  -194.5    -3.5   2.0  
  1030   CP    0    31.5  -200.0    -4.0   2.0  
  1031   NE    0    26.0  -198.5    -3.5   2.0  
  1032   CP    0    35.5  -180.0    -4.0   2.0  
  1033   BP    0    35.5  -181.5    -4.0   2.0  
  1034   NE    0    28.5  -180.5    -4.0   1.9  
  1035   BP    0    30.5  -189.0    -4.5   2.0  
  1036   NE    0    25.0  -189.0    -4.5   1.8  
  1037   NE    0    31.0  -194.5    -3.5   1.8  
  1038   CP    0    20.0  -144.5    -2.5   1.8  
  1039   BP    0    25.0  -149.5    -2.5   1.6  
  1040   BP    0    29.5  -152.0    -2.0   1.6  
  1041   NE    0    32.0  -156.0    -2.0   1.6  
  1042   NE    0    28.5  -157.5    -2.0   1.6  
  1043   CP    0    25.5  -154.5    -3.0   1.6  
  1044   BP    0    24.0  -156.5    -3.0   1.6  
  1045   NE    0    24.0  -162.0    -3.0   1.6  
  1046   NE    0    14.5  -163.0    -4.0   1.6  
  1047   BP    0    12.0   -41.5     1.0   3.6  
  1048   CP    0     1.5   -43.0     1.0   1.9  
  1049   BP    0    -6.0   -46.0      .0   1.9  
  1050   NE    0      .0   -46.0      .5   1.7  
  1051   CP    0   -19.5   -47.5    -1.0   1.4  
  1052   BP    0   -24.5   -46.0      .0   1.4  
  1053   BP    0   -24.0   -39.0      .5   1.4  
  1054   BP    0   -22.0   -26.5     1.5   1.4  
  1055   CP    0   -30.0   -27.0     1.5   1.4  
  1056   NE    0   -35.5   -23.0     2.5   1.4  
  1057   BP    0   -27.5   -22.5     2.0   1.4  
  1058   CP    0   -29.5   -21.0     2.0   1.4  
  1059   NE    0   -24.0   -15.0     2.0   1.4  
  1060   NE    0   -16.5   -18.0     2.0   1.4  
  1061   BP    0   -10.0   -31.5     1.0   1.4  
  1062   CP    0   -15.5   -27.5     1.5   1.2  
  1063   NE    0   -11.0   -20.0     1.5   1.2  
  1064   BP    0    -2.5   -28.0     1.0   1.2  
  1065   NE    0    -5.5   -26.5     1.0   1.2  
  1066   CP    0     5.0   -26.0     1.0   1.2  
  1067   NE    0     4.5   -20.5     1.5   1.2  
  1068   BP    0   -27.5   -46.0      .0   1.2  
  1069   CP    0   -33.0   -46.0      .0   1.2  
  1070   NE    0   -36.0   -39.0      .0   1.2  
  1071   BP    0   -28.5   -48.0      .0   1.5  
  1072   NE    0   -40.5   -50.5      .0   1.5  
  1073   BP    0   -28.5   -49.0      .0   1.5  
  1074   NE    0   -28.0   -52.5      .0   1.5  
  1075   NE    0   -42.0   -56.5      .0   1.5  
  1076   BP    0     8.0   -46.5     -.5   2.9  
  1077   CP    0    10.0   -50.5     -.5   1.7  
  1078   CP    0    12.0   -51.5     -.5   1.7  
  1079   NE    0    16.0   -49.5      .0   1.7  
  1080   CP    0     2.5   -50.0     -.5   2.2  
  1081   BP    0    -9.0   -54.0     2.5   3.7  
  1082   BP    0   -13.0   -50.0     3.0   2.0  
  1083   CP    0   -17.0   -48.5     3.0   2.0  
  1084   CP    0   -23.5   -48.0     3.0   2.0  
  1085   CP    0   -24.0   -41.5     3.5   2.0  
  1086   NE    0   -17.5   -36.5     4.0   2.0  
  1087   CP    0   -20.5   -53.0     3.0   2.0  
  1088   NE    0   -25.5   -55.5     2.0   2.0  
  1089   CP    0   -15.0   -60.5     2.5   3.2  
  1090   BP    0   -17.5   -64.0     2.5   4.4  
  1091   BP    0   -25.5   -63.0     1.5   2.3  
  1092   NE    0   -25.0   -58.0     2.0   2.3  
  1093   CP    0   -30.5   -61.5     1.5   2.3  
  1094   CP    0   -36.5   -65.5     1.5   2.3  
  1095   BP    0   -38.5   -67.5     2.0   2.3  
  1096   CP    0   -39.0   -75.0     2.0   2.2  
  1097   BP    0   -46.5   -79.5     1.5   2.2  
  1098   CP    0   -48.5   -76.5     1.5   2.3  
  1099   NE    0   -63.5   -81.0     1.5   2.3  
  1100   NE    0   -55.0   -90.5      .0   2.3  
  1101   BP    0   -42.0   -69.5     1.5   2.3  
  1102   NE    0   -44.5   -66.5     1.5   2.3  
  1103   CP    0   -45.5   -73.5     1.5   2.3  
  1104   BP    0   -51.0   -74.0     1.5   2.3  
  1105   CP    0   -53.0   -77.5     1.5   1.7  
  1106   NE    0   -63.0   -81.0     1.5   1.7  
  1107   BP    0   -53.5   -73.0     1.5   1.7  
  1108   BP    0   -55.0   -66.0     2.0   1.7  
  1109   CP    0   -54.5   -61.0     1.5   1.7  
  1110   CP    0   -57.5   -52.0     2.0   1.7  
  1111   BP    0   -55.5   -50.5     2.0   1.7  
  1112   NE    0   -48.5   -54.5     3.0   1.7  
  1113   NE    0   -52.5   -46.0     2.5   1.7  
  1114   CP    0   -60.0   -62.0     2.5   1.7  
  1115   BP    0   -63.5   -58.5     3.0   1.7  
  1116   NE    0   -78.0   -62.0     4.0   1.7  
  1117   NE    0   -65.0   -55.0     3.0   1.7  
  1118   BP    0   -60.5   -73.0     2.5   1.7  
  1119   CP    0   -66.5   -65.0     3.0   1.7  
  1120   NE    0   -73.0   -67.0     3.0   1.7  
  1121   BP    0   -65.5   -74.0     2.5   1.7  
  1122   CP    0   -70.0   -77.0     2.5   1.7  
  1123   NE    0   -79.0   -74.5     2.5   1.7  
  1124   CP    0   -70.5   -72.0     2.5   1.7  
  1125   NE    0   -83.5   -80.0     1.5   1.7  
  1126   BP    0   -14.5   -75.0      .0   3.8  
  1127   CP    0    -9.0   -79.5     -.5   2.8  
  1128   BP    0    -5.5   -84.0      .5   2.4  
  1129   NE    0     4.0   -83.0     1.5   2.4  
  1130   BP    0    -7.0   -92.5     -.5   2.4  
  1131   CP    0    -5.0  -101.0      .0   2.1  
  1132   CP    0      .0  -103.5    -1.5   2.1  
  1133   BP    0    10.0  -105.5      .0   2.0  
  1134   NE    0     5.5  -113.5     1.0   2.0  
  1135   BP    0    12.5  -107.0      .0   2.0  
  1136   NE    0    13.0  -115.5      .0   2.0  
  1137   CP    0    19.0  -105.0      .5   2.0  
  1138   CP    0    25.0  -108.0      .5   2.0  
  1139   CP    0    25.5  -113.0     1.0   2.0  
  1140   CP    0    20.5  -117.0     1.0   2.0  
  1141   NE    0    16.0  -117.0     1.0   2.0  
  1142   CP    0   -13.0  -104.0      .0   2.7  
  1143   CP    0   -14.0  -110.0      .0   2.7  
  1144   CP    0   -10.0  -115.0     1.5   2.7  
  1145   BP    0    -5.5  -119.0     1.0   2.7  
  1146   BP    0    -1.0  -121.0     1.5   2.6  
  1147   CP    0     6.5  -120.0     1.5   2.6  
  1148   BP    0    10.0  -118.0     1.5   1.8  
  1149   CP    0     5.0  -115.0     2.0   1.8  
  1150   NE    0     2.0  -109.0     2.0   1.8  
  1151   NE    0    14.5  -118.0     1.5   1.8  
  1152   CP    0    -2.0  -126.0     1.0   1.8  
  1153   CP    0    -3.5  -133.0     1.0   1.8  
  1154   CP    0    -1.5  -137.0     1.0   1.8  
  1155   CP    0     2.5  -140.5     1.5   1.8  
  1156   NE    0     6.5  -140.5     1.0   1.8  
  1157   BP    0    -6.0  -119.5    -2.5   2.1  
  1158   CP    0   -12.0  -117.5    -2.5   1.2  
  1159   BP    0   -12.0  -120.5    -2.5   1.2  
  1160   CP    0    -9.5  -123.5    -2.5   1.0  
  1161   NE    0    -9.0  -127.0    -3.0   1.0  
  1162   BP    0   -12.0  -122.5    -2.5   1.0  
  1163   NE    0   -12.0  -127.0    -2.0   1.0  
  1164   BP    0   -19.0  -125.5    -3.0   1.0  
  1165   CP    0   -22.5  -133.0    -2.0   1.0  
  1166   NE    0   -26.5  -137.5    -2.5   1.0  
  1167   CP    0   -27.5  -125.0    -3.0   1.0  
  1168   NE    0   -31.5  -128.0    -3.0   1.0  
  1169   CP    0    -5.0  -125.0    -2.5   2.1  
  1170   BP    0    -6.5  -131.0    -3.0   2.1  
  1171   CP    0    -8.5  -131.0    -3.0   1.0  
  1172   BP    0    -9.5  -135.0    -3.5   1.0  
  1173   NE    0   -11.5  -133.5    -3.5   1.0  
  1174   CP    0    -9.5  -138.5    -3.5   1.0  
  1175   NE    0   -12.5  -137.5    -3.5   1.0  
  1176   CP    0    -8.5  -139.5    -2.5   2.6  
  1177   BP    0    -9.0  -144.0    -2.5   2.1  
  1178   BP    0    -4.5  -148.5    -6.5   1.4  
  1179   CP    0     1.5  -150.5    -6.5   1.2  
  1180   BP    0     5.0  -151.5    -6.5   1.2  
  1181   NE    0     6.5  -154.5    -6.0   1.2  
  1182   CP    0     8.5  -150.5    -6.5   1.2  
  1183   BP    0    13.0  -154.0    -6.0   1.2  
  1184   NE    0    11.0  -166.0    -6.0   1.2  
  1185   BP    0    13.5  -154.5    -6.0   1.2  
  1186   NE    0    15.0  -157.5    -5.0   1.2  
  1187   NE    0    19.5  -154.5    -5.5   1.2  
  1188   CP    0    -4.5  -152.0    -6.5    .8  
  1189   CP    0     4.0  -155.0    -6.0    .8  
  1190   NE    0     9.5  -161.5    -4.5    .8  
  1191   BP    0    -9.5  -149.5    -5.5   3.2  
  1192   BP    0    -4.5  -158.0    -5.5   2.2  
  1193   CP    0     -.5  -159.5    -5.0   1.6  
  1194   CP    0     4.5  -158.5    -5.0   1.6  
  1195   CP    0     6.0  -162.0    -6.0   1.6  
  1196   BP    0     4.5  -167.5    -6.0   1.6  
  1197   BP    0     9.5  -173.5    -5.5   1.3  
  1198   BP    0    13.5  -175.5    -5.0   1.2  
  1199   NE    0    15.0  -178.0    -5.0   1.1  
  1200   CP    0    13.0  -176.5    -5.5   1.1  
  1201   NE    0    10.5  -178.5    -5.5   1.1  
  1202   BP    0    13.5  -180.0    -8.0   1.1  
  1203   BP    0    19.0  -184.0    -7.5   1.1  
  1204   CP    0    23.0  -188.0    -7.0   1.1  
  1205   BP    0    24.0  -193.5    -6.5   1.1  
  1206   CP    0    29.0  -196.0    -6.5   1.1  
  1207   NE    0    32.5  -200.0    -6.5   1.1  
  1208   CP    0    24.0  -196.5    -5.5   1.1  
  1209   NE    0    24.0  -199.5    -8.0   1.1  
  1210   CP    0    21.5  -190.5    -8.0   1.1  
  1211   BP    0    21.5  -197.5    -8.0   1.1  
  1212   NE    0    25.0  -205.5    -8.5   1.1  
  1213   CP    0    16.5  -202.0    -7.0   1.1  
  1214   CP    0    17.0  -207.5    -7.5   1.1  
  1215   NE    0    21.5  -213.0    -7.5   1.1  
  1216   BP    0    13.5  -186.5    -9.0   1.1  
  1217   NE    0    17.5  -196.0    -8.5   1.1  
  1218   NE    0     8.0  -195.0    -9.0   1.1  
  1219   CP    0     6.0  -179.0    -9.0   1.1  
  1220   CP    0     8.0  -183.0    -8.5   1.1  
  1221   CP    0     5.5  -188.5    -8.5   1.1  
  1222   NE    0     2.5  -192.5    -8.5   1.1  
  1223   BP    0    -3.5  -161.0    -6.5   1.1  
  1224   CP    0    -3.5  -165.5    -5.0   1.1  
  1225   BP    0    -1.0  -169.0    -4.5   1.1  
  1226   NE    0     3.0  -170.5    -4.5   1.1  
  1227   NE    0     2.0  -173.5    -4.5   1.1  
  1228   CP    0    -8.0  -161.0    -6.5   1.1  
  1229   CP    0    -9.5  -166.0    -6.5   1.1  
  1230   CP    0    -4.5  -173.5    -6.5   1.1  
  1231   BP    0    -2.5  -174.0    -5.5   1.1  
  1232   NE    0     1.0  -175.0    -6.0   1.1  
  1233   BP    0    -1.0  -177.0    -4.0   1.1  
  1234   NE    0     4.0  -182.0    -6.5   1.1  
  1235   NE    0     1.0  -184.5    -4.0   1.1  
  1236   BP    0   -11.0  -154.0    -5.5   1.7  
  1237   CP    0   -10.5  -158.5    -5.5   1.4  
  1238   CP    0   -15.5  -160.5    -6.0   1.4  
  1239   NE    0   -14.0  -163.5    -6.0   1.4  
  1240   CP    0   -17.5  -161.0    -5.5   1.4  
  1241   CP    0   -18.0  -167.0    -5.5   1.4  
  1242   CP    0   -17.0  -173.0    -5.5   1.4  
  1243   BP    0   -17.0  -175.0    -5.5   1.4  
  1244   NE    0    -7.5  -178.5    -5.0   1.4  
  1245   BP    0   -19.0  -180.5    -5.0   1.4  
  1246   BP    0   -14.5  -183.0    -5.0   1.4  
  1247   CP    0   -12.5  -191.0    -5.0   1.4  
  1248   BP    0   -10.0  -195.5    -4.5   1.4  
  1249   BP    0   -11.5  -199.5    -5.0   1.4  
  1250   NE    0   -14.5  -201.5    -5.0   1.4  
  1251   NE    0    -9.5  -202.0    -4.5   1.4  
  1252   CP    0    -5.0  -198.5    -4.5   1.4  
  1253   BP    0    -3.0  -198.5    -4.0   1.4  
  1254   NE    0      .5  -203.5    -4.0   1.4  
  1255   BP    0     -.5  -197.5    -4.0   1.4  
  1256   NE    0     4.5  -200.0    -3.5   1.4  
  1257   NE    0    -1.5  -196.0    -4.0   1.4  
  1258   CP    0    -9.0  -185.0    -5.5    .9  
  1259   BP    0    -8.0  -187.5    -3.5    .9  
  1260   NE    0   -10.5  -187.5    -3.5    .9  
  1261   BP    0    -8.0  -190.5    -3.5    .9  
  1262   NE    0   -14.0  -195.0    -3.5    .9  
  1263   NE    0    -2.0  -194.5    -3.5    .9  
  1264   BP    0   -25.0  -183.0    -6.5   1.6  
  1265   CP    0   -20.0  -186.5    -6.5   1.6  
  1266   CP    0   -16.0  -187.0    -6.5   1.6  
  1267   NE    0   -10.5  -193.5    -6.5   1.6  
  1268   CP    0   -31.5  -185.5    -6.5   1.6  
  1269   BP    0   -37.5  -185.0    -6.5   1.6  
  1270   CP    0   -44.0  -188.5    -6.5   1.6  
  1271   NE    0   -44.0  -193.0    -6.0   1.4  
  1272   NE    0   -42.0  -182.5    -6.5   1.2  
  1273   BP    0   -14.5   -80.0      .0   3.1  
  1274   BP    0   -21.0   -79.5      .0   2.1  
  1275   BP    0   -24.0   -77.0      .5   1.9  
  1276   BP    0   -28.0   -72.0      .5   1.9  
  1277   NE    0   -28.0   -66.5     1.0   1.9  
  1278   CP    0   -31.0   -68.5     1.0   1.9  
  1279   NE    0   -34.0   -69.5     1.0   1.9  
  1280   CP    0   -33.5   -79.5      .0   1.7  
  1281   BP    0   -37.0   -81.5      .0   1.7  
  1282   CP    0   -43.5   -80.0      .0   1.7  
  1283   NE    0   -49.5   -76.5      .0   1.7  
  1284   NE    0   -44.0   -93.0     3.0   1.7  
  1285   CP    0   -27.0   -89.5     -.5   1.7  
  1286   CP    0   -34.0   -93.0     -.5   1.7  
  1287   NE    0   -48.5  -100.0     -.5   1.7  
  1288   CP    0   -12.5   -86.5      .5   3.2  
  1289   CP    0   -17.0   -92.5      .5   3.2  
  1290   BP    0   -24.5   -95.5      .5   3.2  
  1291   BP    0   -20.5  -103.0    -2.5   2.0  
  1292   CP    0   -15.0  -100.5    -2.0   2.0  
  1293   CP    0   -18.0  -110.0    -2.0   2.0  
  1294   NE    0   -15.5  -119.0    -2.0   1.4  
  1295   BP    0   -23.5  -107.5    -2.0   1.4  
  1296   CP    0   -23.0  -115.0      .0   1.4  
  1297   BP    0   -19.5  -121.5     -.5   1.4  
  1298   NE    0   -19.0  -125.0      .5   1.4  
  1299   NE    0   -26.5  -118.0     -.5   1.4  
  1300   CP    0   -29.5  -118.0    -1.0   1.3  
  1301   NE    0   -29.5  -121.5    -1.0   1.3  
  1302   BP    0   -31.5   -99.0      .5   3.5  
  1303   CP    0   -35.0   -96.5     1.0   1.9  
  1304   BP    0   -41.0  -101.0     1.0   1.9  
  1305   NE    0   -42.0   -98.5     2.0   1.3  
  1306   CP    0   -49.0  -107.5     1.0   1.5  
  1307   CP    0   -53.0  -105.0     1.0   1.3  
  1308   NE    0   -54.5  -108.5     1.0   1.3  
  1309   BP    0   -38.5  -110.0      .0   3.3  
  1310   BP    0   -35.5  -113.0      .0   1.5  
  1311   CP    0   -31.5  -115.0     1.0   1.4  
  1312   NE    0   -27.0  -117.0     2.0   1.4  
  1313   CP    0   -35.0  -124.0      .5   1.2  
  1314   NE    0   -32.5  -126.5      .5   1.2  
  1315   CP    0   -43.0  -117.5      .5   3.6  
  1316   BP    0   -42.0  -127.0     1.5   4.6  
  1317   CP    0   -47.0  -135.0      .0   1.9  
  1318   BP    0   -46.5  -141.0    -1.0   1.9  
  1319   NE    0   -52.0  -153.0    -2.0   1.9  
  1320   CP    0   -42.0  -147.5    -1.0   1.8  
  1321   CP    0   -43.0  -153.0    -1.0   1.7  
  1322   CP    0   -47.5  -154.0    -1.0   1.7  
  1323   NE    0   -49.5  -157.0    -1.5   1.7  
  1324   BP    0   -38.5  -133.5     2.0   3.5  
  1325   CP    0   -32.5  -131.5     1.5   1.9  
  1326   CP    0   -25.0  -132.0     2.0   1.9  
  1327   CP    0   -19.5  -129.0     2.5   1.4  
  1328   BP    0   -19.5  -126.0     3.0   1.4  
  1329   CP    0   -25.0  -125.5     3.5   1.8  
  1330   NE    0   -29.0  -122.0     3.5   1.5  
  1331   NE    0   -18.5  -123.0     3.0   1.5  
  1332   BP    0   -36.0  -144.0    -1.0   3.4  
  1333   NE    0   -21.5  -145.0    -1.0   1.3  
  1334   BP    0   -35.0  -145.5    -3.0   4.1  
  1335   BP    0   -32.0  -149.0    -2.5   1.7  
  1336   NE    0   -32.0  -156.0    -2.5   1.7  
  1337   BP    0   -29.0  -151.5    -2.5   1.6  
  1338   BP    0   -22.0  -151.5     -.5   1.6  
  1339   CP    0   -17.5  -148.0    -1.0   1.6  
  1340   BP    0   -17.5  -144.5    -1.0   1.2  
  1341   CP    0   -20.5  -140.0    -1.0   1.2  
  1342   CP    0   -21.5  -136.0    -1.0   1.2  
  1343   NE    0   -18.0  -133.0    -1.0   1.2  
  1344   CP    0   -15.5  -140.5    -2.0   1.2  
  1345   CP    0   -17.0  -136.0    -2.0   1.2  
  1346   NE    0   -15.0  -132.5    -2.0   1.2  
  1347   BP    0   -17.5  -154.5    -4.0   1.3  
  1348   NE    0   -16.0  -158.0    -4.0    .9  
  1349   NE    0   -14.0  -153.0    -4.0    .9  
  1350   CP    0   -29.5  -154.0    -2.5    .9  
  1351   CP    0   -23.5  -157.5    -1.5   1.1  
  1352   BP    0   -21.0  -158.5    -1.5   1.3  
  1353   NE    0   -17.5  -157.5    -1.5   1.1  
  1354   BP    0   -17.5  -159.5    -1.0   1.4  
  1355   NE    0   -11.0  -165.5    -1.0   1.4  
  1356   CP    0   -19.5  -162.0     -.5   1.4  
  1357   BP    0   -17.5  -164.5    -3.5   1.3  
  1358   CP    0   -12.0  -167.5    -3.5   1.3  
  1359   CP    0    -7.0  -173.0    -3.5   1.3  
  1360   BP    0    -4.5  -180.0    -3.5   1.3  
  1361   NE    0    -1.0  -184.0    -3.0   1.3  
  1362   NE    0     2.0  -181.0    -3.5   1.3  
  1363   NE    0   -14.5  -168.0    -3.5   1.3  
  1364   CP    0   -37.0  -149.0    -3.0   3.6  
  1365   BP    0   -38.0  -157.0    -3.5   4.2  
  1366   BP    0   -43.5  -163.5    -4.0   2.3  
  1367   CP    0   -47.0  -167.5    -4.0   1.1  
  1368   NE    0   -48.5  -172.0    -4.5   1.1  
  1369   BP    0   -41.5  -165.5    -4.0   1.3  
  1370   CP    0   -36.0  -169.0    -4.0   1.3  
  1371   CP    0   -31.5  -173.0    -4.0   1.1  
  1372   NE    0   -31.5  -175.5    -5.5   1.1  
  1373   CP    0   -41.5  -172.0    -4.5   1.1  
  1374   CP    0   -35.5  -176.5    -3.0   1.1  
  1375   BP    0   -35.5  -178.5    -2.5   1.1  
  1376   NE    0   -30.5  -180.5    -1.0   1.1  
  1377   NE    0   -45.5  -182.0    -1.0   1.1  
  1378   BP    0   -34.5  -161.5    -3.5   2.6  
  1379   CP    0   -31.5  -162.5    -5.5   1.6  
  1380   CP    0   -25.5  -165.5    -5.5   1.6  
  1381   CP    0   -20.5  -171.5    -5.0   1.5  
  1382   CP    0   -17.0  -175.5    -5.0   1.5  
  1383   CP    0   -12.0  -178.0    -5.0   1.5  
  1384   CP    0    -7.0  -183.0    -4.5   1.5  
  1385   BP    0    -3.0  -186.0    -3.5   1.1  
  1386   NE    0    -3.5  -190.0    -3.5   1.1  
  1387   NE    0      .5  -187.5    -6.5   1.1  
  1388   CP    0   -33.5  -167.0    -4.0   3.2  
  1389   CP    0   -29.5  -171.0    -5.0   2.5  
  1390   BP    0   -27.5  -172.5    -4.5   2.5  
  1391   NE    0   -27.5  -167.0    -4.0   1.5  
  1392   BP    0   -25.0  -174.0    -4.0   2.6  
  1393   CP    0   -26.0  -178.5    -4.0   1.2  
  1394   NE    0   -25.0  -185.0    -4.0   1.2  
  1395   CP    0   -21.5  -175.0    -4.5   2.2  
  1396   BP    0   -17.5  -177.5    -4.0   3.0  
  1397   CP    0   -11.5  -180.5    -3.0   1.9  
  1398   CP    0    -6.5  -184.5    -3.0   1.9  
  1399   CP    0    -4.0  -190.0    -2.0   1.9  
  1400   BP    0    -2.5  -192.0    -7.5   1.9  
  1401   CP    0     1.0  -193.5    -8.0   1.3  
  1402   CP    0     4.0  -195.5    -7.0   1.2  
  1403   CP    0     7.5  -196.0    -7.0   1.2  
  1404   BP    0    10.0  -197.0    -6.5   1.2  
  1405   NE    0    15.5  -197.0    -7.0   1.0  
  1406   CP    0    12.0  -203.5    -5.5   1.0  
  1407   NE    0    15.5  -209.5    -5.0   1.0  
  1408   CP    0    -2.5  -196.5    -7.5   1.0  
  1409   BP    0    -6.0  -199.5    -7.0   1.0  
  1410   NE    0    -8.0  -197.5    -7.0   1.0  
  1411   CP    0    -6.0  -203.0    -7.0   1.0  
  1412   NE    0    -8.5  -205.0    -7.0   1.0  
  1413   NE    0   -17.5  -182.0    -4.0   1.6  
