Return-Path: <mike@harlan.ls.utsa.edu>
Date: Wed, 17 Apr 1996 19:01:25 -0500
From: mike@harlan.ls.utsa.edu (Mike O'Boyle)
To: lyle@cogni.iaf.cnrs-gif.fr
Content-Length: 27221

/* 
DIG version 5.19  3-28-89  Rocky Nevin  
Comments: Very good defined spines male 49 days 4-2-92

 */ 
1 	 S 	 -0.06  0.70  0.00 	 5.41
2 	 S 	  0.73  3.18  0.00 	 8.11
3 	 S 	  1.79  5.66  0.00 	 10.81
4 	 S 	  1.26  8.36  0.00 	 10.36
5 	 S 	  0.80 12.20  3.90 	 9.01
6 	 S 	  0.27 16.03  3.90 	 6.76
7 	 P 	  0.27 16.71  3.90 	 6.31
8 	 T 	  0.01 17.16  5.00 	 6.31
9 	 C 	 -0.26 19.19  5.00 	 6.31
10 	 C 	  0.01 21.66  5.00 	 6.31
11 	 B 	 -0.46 26.48  5.88 	 5.86
12 	 C 	  0.06 30.53  5.88 	 4.05
14 	 C 	  1.55 31.89  3.42 	 3.60
15 	 B 	  1.02 34.59  3.42 	 3.60
16 	 C 	  2.61 39.09  4.97 	 2.70
17 	 C 	  3.67 42.92  1.10 	 2.70
18 	 C 	  4.20 48.11 -2.95 	 2.70
19 	 C 	  6.13 53.35 -5.49 	 2.70
20 	 C 	  7.45 57.86 -8.90 	 2.70
21 	 C 	  7.72 61.04 -8.60 	 2.70
22 	 C 	  7.98 65.09 -8.60 	 2.70
24 	 C 	  7.39 69.15 -8.60 	 2.70
26 	 B 	  6.99 71.87 -9.73 	 2.25
27 	 C 	  9.64 77.05 -13.59 	 2.25
28 	 C 	 10.90 81.33 -17.68 	 2.25
29 	 C 	 11.95 84.93 -18.09 	 2.25
30 	 C 	 13.71 89.22 -20.94 	 2.25
31 	 C 	 14.24 94.63 -21.17 	 2.25
32 	 C 	 15.30 99.13 -25.50 	 2.25
33 	 C 	 17.17 104.30 -25.50 	 2.25
34 	 C 	 18.43 109.25 -25.50 	 2.25
35 	 C 	 18.43 113.76 -25.50 	 2.25
36 	 C 	 17.90 120.09 -25.52 	 2.25
37 	 C 	 18.17 124.37 -25.52 	 2.25
38 	 C 	 20.10 129.96 -29.58 	 2.25
39 	 C 	 21.16 135.59 -28.53 	 2.25
40 	 C 	 21.43 141.67 -32.10 	 2.25
41 	 C 	 22.30 147.34 -32.90 	 2.25
42 	 C 	 23.89 152.30 -34.61 	 2.25
43 	 C 	 25.48 156.80 -34.61 	 2.25
44 	 C 	 26.77 160.49 -34.61 	 2.25
45 	 C 	 27.56 163.64 -35.42 	 2.25
46 	 B 	 28.35 166.12 -35.42 	 2.25
47 	 C 	 30.21 169.05 -35.42 	 2.25
48 	 C 	 33.90 173.43 -35.42 	 2.25
49 	 C 	 36.21 177.26 -35.42 	 2.25
50 	 C 	 37.80 181.54 -35.42 	 2.25
51 	 C 	 39.13 184.92 -35.42 	 2.25
52 	 C 	 42.49 189.36 -37.45 	 2.25
53 	 C 	 43.55 192.51 -37.45 	 2.25
54 	 C 	 45.60 197.50 -37.45 	 2.25
55 	 C 	 47.24 201.08 -39.70 	 2.25
56 	 C 	 49.03 205.61 -39.70 	 2.25
57 	 C 	 51.14 210.12 -39.70 	 2.25
58 	 C 	 52.20 212.60 -41.41 	 2.25
59 	 C 	 53.79 216.20 -41.41 	 1.80
62 	 C 	 57.34 223.92 -42.62 	 1.80
63 	 C 	 58.14 229.55 -42.62 	 1.80
64 	 C 	 59.46 235.18 -42.62 	 1.80
65 	 C 	 60.79 240.59 -42.62 	 1.80
66 	 C 	 62.11 245.09 -42.62 	 1.80
67 	 C 	 64.59 253.71 -44.15 	 1.80
68 	 C 	 64.32 256.19 -44.15 	 1.80
69 	 C 	 65.65 258.89 -44.15 	 1.80
70 	 C 	 67.76 262.72 -44.15 	 1.80
71 	 C 	 70.39 266.31 -44.15 	 1.80
72 	 C 	 70.92 270.61 -44.15 	 1.80
73 	 C 	 72.77 274.67 -44.15 	 1.80
75 	 C 	 74.07 276.70 -44.15 	 1.80
76 	 C 	 74.80 282.33 -47.02 	 1.80
77 	 C 	 76.92 286.84 -47.02 	 1.80
78 	 C 	 77.97 291.57 -47.02 	 1.80
79 	 C 	 79.03 295.17 -47.02 	 1.80
80 	 C 	 82.32 299.68 -47.02 	 1.80
81 	 C 	 83.38 305.54 -47.02 	 1.80
82 	 C 	 83.91 310.04 -51.64 	 1.80
83 	 C 	 84.44 314.10 -51.64 	 1.80
84 	 C 	 86.46 318.83 -46.99 	 1.80
85 	 C 	 86.72 324.72 -46.99 	 1.80
86 	 C 	 86.72 330.57 -46.86 	 1.80
87 	 C 	 87.78 333.95 -46.86 	 1.80
88 	 C 	 90.12 340.01 -46.86 	 1.80
89 	 C 	 91.71 342.94 -46.86 	 1.80
90 	 C 	 92.17 346.54 -45.90 	 1.80
91 	 C 	 94.19 350.33 -49.74 	 1.80
92 	 C 	 96.05 356.64 -50.80 	 1.80
93 	 C 	 96.84 361.37 -52.38 	 1.80
94 	 C 	 97.90 365.65 -53.03 	 1.80
95 	 C 	 99.33 369.53 -56.18 	 1.80
96 	 C 	 99.79 376.97 -57.74 	 1.80
97 	 C 	 100.06 379.89 -57.74 	 1.80
98 	 C 	 101.53 386.64 -60.46 	 1.80
99 	 C 	 101.53 394.32 -64.15 	 1.80
100 	 C 	 101.27 399.91 -67.71 	 1.80
101 	 C 	 100.48 406.92 -70.18 	 1.80
102 	 C 	 99.68 410.97 -72.09 	 1.80
103 	 C 	 100.07 418.79 -74.33 	 1.80
104 	 C 	 97.68 425.32 -78.54 	 1.80
107 	 B 	 96.43 428.84 -80.47 	 1.80
108 	 C 	 95.90 434.70 -80.47 	 1.80
109 	 C 	 95.90 440.78 -80.47 	 1.80
110 	 C 	 95.84 444.39 -80.47 	 1.80
111 	 C 	 100.07 444.84 -80.47 	 1.80
112 	 C 	 103.95 448.42 -82.74 	 1.80
113 	 C 	 104.21 452.25 -82.74 	 1.80
114 	 C 	 102.30 455.63 -82.74 	 1.80
115 	 C 	 100.97 458.77 -81.60 	 1.80
116 	 C 	 95.94 461.70 -81.60 	 1.80
117 	 C 	 92.70 463.28 -81.60 	 1.80
118 	 C 	 88.46 465.76 -81.60 	 1.80
119 	 C 	 83.53 470.55 -81.55 	 1.80
120 	 T 	 79.72 473.75 -81.55 	 1.80
121 	 C 	 94.11 432.45 -87.68 	 1.80
122 	 C 	 92.79 436.50 -91.50 	 1.80
123 	 C 	 95.44 437.85 -94.44 	 1.80
124 	 C 	 98.43 438.90 -98.70 	 1.80
125 	 T 	 100.28 438.45 -98.70 	 1.80
126 	 C 	 29.08 174.00 -38.75 	 1.80
127 	 C 	 30.08 183.62 -41.82 	 1.80
128 	 C 	 31.67 190.61 -44.52 	 1.80
129 	 C 	 32.68 198.78 -46.97 	 1.80
130 	 C 	 33.74 203.51 -46.97 	 1.80
131 	 C 	 36.47 208.87 -50.43 	 1.80
132 	 C 	 36.14 213.60 -50.43 	 1.80
133 	 C 	 39.21 220.29 -53.01 	 1.80
134 	 C 	 39.47 227.53 -54.62 	 1.80
135 	 C 	 40.73 233.84 -56.38 	 1.80
136 	 C 	 42.21 240.15 -57.47 	 1.80
137 	 C 	 41.41 245.33 -57.47 	 1.80
138 	 C 	 41.48 250.54 -62.38 	 1.80
139 	 C 	 43.54 257.30 -61.29 	 1.80
140 	 C 	 43.80 264.28 -63.76 	 1.80
141 	 C 	 45.21 268.75 -66.94 	 1.80
142 	 C 	 45.21 275.96 -66.94 	 1.80
143 	 C 	 45.81 282.72 -68.99 	 1.80
144 	 C 	 45.81 287.45 -68.99 	 1.80
145 	 C 	 48.66 291.96 -71.59 	 1.80
146 	 C 	 49.94 297.67 -73.44 	 1.80
147 	 C 	 50.47 301.05 -73.44 	 1.80
148 	 C 	 52.06 304.66 -75.45 	 1.80
149 	 C 	 55.61 308.97 -79.06 	 1.80
150 	 C 	 55.87 312.35 -79.06 	 1.80
151 	 C 	 56.93 316.18 -81.42 	 1.80
152 	 C 	 58.26 320.46 -82.92 	 1.80
153 	 C 	 60.34 325.42 -85.45 	 1.80
154 	 C 	 62.66 327.25 -87.64 	 1.80
155 	 C 	 64.51 329.73 -89.21 	 1.80
156 	 C 	 65.57 333.78 -93.94 	 1.80
157 	 C 	 66.94 336.79 -93.61 	 1.80
158 	 C 	 66.41 341.07 -98.57 	 1.80
159 	 C 	 65.62 344.23 -99.99 	 1.80
160 	 C 	 66.54 347.91 -104.84 	 1.80
161 	 C 	 64.16 355.35 -109.72 	 1.80
162 	 C 	 64.43 361.65 -112.99 	 1.80
163 	 C 	 64.15 368.85 -115.18 	 1.80
164 	 C 	 64.42 375.12 -119.17 	 1.80
165 	 C 	 64.15 380.75 -122.90 	 1.80
166 	 C 	 65.48 386.38 -126.17 	 1.80
167 	 C 	 67.15 393.12 -129.04 	 1.80
168 	 C 	 67.15 400.10 -132.68 	 1.80
169 	 C 	 67.41 403.28 -132.68 	 1.80
170 	 C 	 66.15 406.44 -133.17 	 1.80
171 	 C 	 68.54 411.85 -133.17 	 1.80
172 	 T 	 65.36 415.00 -135.78 	 1.80
173 	 C 	  5.14 77.27 -9.73 	 2.25
174 	 C 	  4.61 82.45 -9.73 	 2.25
175 	 C 	  4.87 87.18 -8.89 	 2.25
176 	 C 	  3.92 90.12 -8.89 	 2.25
177 	 C 	  4.18 95.08 -8.89 	 2.25
178 	 C 	  4.45 98.23 -8.89 	 2.25
179 	 C 	  4.45 101.39 -8.89 	 2.25
180 	 C 	  4.38 105.45 -10.37 	 2.25
181 	 C 	  4.64 110.86 -10.37 	 2.25
182 	 C 	  5.51 116.15 -10.52 	 2.25
183 	 C 	  5.77 119.75 -8.71 	 1.80
184 	 C 	  7.10 124.26 -8.71 	 1.80
185 	 C 	  7.17 130.85 -6.05 	 1.80
186 	 C 	  7.17 134.45 -6.05 	 1.80
187 	 C 	  8.76 136.95 -4.56 	 1.80
188 	 C 	  9.55 143.04 -1.46 	 1.80
189 	 C 	  9.23 147.99 -1.46 	 1.80
190 	 C 	  9.23 153.17 -0.02 	 1.80
191 	 C 	  9.75 157.90 -0.02 	 1.80
192 	 C 	 10.76 162.92  0.68 	 1.80
193 	 C 	 10.96 169.02  2.01 	 1.80
194 	 C 	 11.37 174.34  3.35 	 1.80
195 	 C 	 12.69 180.67  3.89 	 1.80
196 	 C 	 13.43 186.82  5.82 	 1.80
197 	 C 	 13.10 193.58  6.56 	 1.80
198 	 C 	 13.97 200.54  8.62 	 1.80
199 	 C 	 14.23 203.24  8.62 	 1.80
200 	 C 	 14.23 207.30  8.62 	 1.80
201 	 C 	 14.50 213.15  8.62 	 1.80
202 	 C 	 14.04 216.77  6.30 	 1.80
205 	 C 	 14.57 221.50  7.25 	 1.80
206 	 C 	 14.04 224.65  7.25 	 1.80
207 	 C 	 13.25 230.28  9.14 	 1.80
208 	 C 	 12.44 236.02  9.14 	 1.80
209 	 C 	 12.18 241.87 10.50 	 1.80
210 	 C 	 12.71 246.83 10.36 	 1.80
211 	 C 	 12.84 252.37 13.08 	 1.80
212 	 C 	 13.10 256.42 13.08 	 1.80
213 	 C 	 13.10 258.45 13.08 	 1.80
214 	 C 	 13.10 263.43 11.78 	 1.80
215 	 C 	 14.56 268.77 13.06 	 1.80
216 	 C 	 14.83 273.95 13.06 	 1.80
217 	 C 	 14.83 279.13 13.00 	 1.80
218 	 C 	 15.90 282.74 13.00 	 1.80
219 	 C 	 15.37 289.27 13.00 	 1.80
220 	 C 	 14.84 293.78 13.00 	 1.80
221 	 C 	 15.10 299.62 15.15 	 1.80
222 	 C 	 14.57 306.83 13.75 	 1.80
223 	 C 	 15.10 312.01 13.75 	 1.80
224 	 C 	 16.76 317.59 13.65 	 1.80
225 	 C 	 17.29 321.42 13.65 	 1.80
226 	 B 	 17.82 323.00 14.43 	 1.80
227 	 C 	 19.14 324.58 14.34 	 1.80
228 	 C 	 21.42 329.04 16.02 	 1.80
229 	 C 	 22.48 332.67 16.02 	 1.80
230 	 C 	 24.53 336.73 16.02 	 1.80
231 	 C 	 28.01 342.94 16.02 	 1.80
232 	 C 	 28.54 348.35 16.02 	 1.80
233 	 C 	 29.50 352.62 16.02 	 1.80
234 	 C 	 29.50 357.35 16.02 	 1.80
237 	 C 	 30.90 363.16 15.50 	 1.80
238 	 C 	 30.90 369.24 13.55 	 1.80
239 	 C 	 31.69 373.52 13.57 	 1.80
240 	 C 	 32.77 380.11 12.75 	 1.80
241 	 C 	 34.82 387.77  8.72 	 1.80
242 	 C 	 36.69 394.07 11.63 	 1.80
243 	 C 	 37.75 397.45 11.63 	 1.80
244 	 C 	 39.60 403.08  9.88 	 1.80
245 	 C 	 41.29 409.67  8.58 	 1.80
246 	 C 	 41.55 415.30  8.58 	 1.80
247 	 C 	 43.23 419.84  7.64 	 1.80
248 	 C 	 44.22 424.82  5.66 	 1.80
251 	 C 	 45.56 429.31  2.73 	 1.80
252 	 C 	 45.83 434.27  2.39 	 1.80
253 	 C 	 48.21 436.74  2.72 	 1.80
254 	 T 	 49.89 437.41  2.72 	 1.80
255 	 C 	 17.37 328.82 14.43 	 1.80
256 	 C 	 17.64 334.00 14.43 	 1.80
257 	 C 	 17.64 338.28 14.43 	 1.80
258 	 C 	 17.70 343.39 14.43 	 1.80
259 	 C 	 18.23 347.02 14.74 	 1.80
260 	 C 	 18.49 350.85 14.74 	 1.80
261 	 C 	 19.28 353.10 17.82 	 1.80
262 	 C 	 19.02 357.16 19.88 	 1.80
263 	 C 	 19.63 360.09 20.53 	 1.80
264 	 C 	 19.10 363.24 22.06 	 1.80
265 	 C 	 18.04 368.22 22.97 	 1.80
266 	 C 	 17.51 374.08 23.50 	 1.80
267 	 C 	 17.70 379.34 24.70 	 1.80
268 	 C 	 16.11 381.59 24.70 	 1.80
269 	 C 	 16.64 388.13 25.89 	 1.80
270 	 C 	 16.64 392.18 29.78 	 1.80
271 	 C 	 16.70 396.44 29.29 	 1.80
272 	 C 	 16.17 401.62 27.04 	 1.80
273 	 C 	 15.64 407.48 27.04 	 1.80
274 	 C 	 15.37 413.87 27.04 	 1.80
275 	 C 	 14.05 420.18 27.04 	 1.80
276 	 C 	 13.04 429.24 27.04 	 1.80
277 	 C 	 13.04 433.52 27.04 	 1.80
278 	 C 	 12.51 438.93 24.06 	 1.80
279 	 C 	 12.51 443.88 24.06 	 1.80
280 	 C 	 12.64 448.44 22.84 	 1.80
281 	 C 	 11.84 452.72 18.76 	 1.80
282 	 C 	  9.99 456.13  9.92 	 1.80
283 	 C 	  9.31 457.69 11.11 	 1.80
284 	 T 	  8.78 459.49 11.18 	 1.80
285 	 C 	 -1.10 37.99  2.71 	 2.25
286 	 C 	 -1.63 43.40 -2.61 	 2.25
287 	 C 	 -2.19 46.87 -7.36 	 2.25
288 	 C 	 -3.51 52.05 -7.36 	 2.25
289 	 B 	 -3.84 53.18 -7.94 	 2.25
290 	 C 	 -2.52 58.58 -7.94 	 1.80
291 	 C 	 -2.19 63.87 -11.27 	 1.80
292 	 C 	 -1.40 68.83 -11.27 	 1.80
293 	 C 	 -0.34 73.78 -13.76 	 1.80
294 	 C 	  1.66 79.30 -13.75 	 1.80
295 	 C 	  1.92 82.45 -14.09 	 1.80
296 	 C 	  3.66 91.32 -14.18 	 1.80
297 	 C 	  4.72 96.50 -16.57 	 1.80
298 	 C 	  6.05 103.26 -16.57 	 1.80
299 	 C 	  7.79 107.32 -16.57 	 1.80
300 	 C 	  8.06 111.63 -16.57 	 1.80
303 	 C 	  9.54 115.66 -17.51 	 1.80
304 	 C 	 10.06 121.97 -17.51 	 1.80
305 	 C 	 10.33 128.05 -17.51 	 1.80
306 	 C 	 10.06 134.58 -17.51 	 1.80
307 	 C 	 11.07 140.55 -17.94 	 1.80
308 	 C 	 11.01 149.56 -17.94 	 1.80
309 	 C 	 10.48 156.72 -19.98 	 1.80
310 	 C 	 11.47 163.26 -19.98 	 1.80
311 	 C 	 10.35 172.62 -23.58 	 1.80
312 	 C 	 10.88 178.28 -23.58 	 1.80
314 	 C 	  9.02 184.81 -23.82 	 1.80
315 	 C 	  7.88 192.27 -21.83 	 1.80
316 	 C 	  6.03 196.80 -21.83 	 1.80
317 	 B 	  5.76 199.51 -21.83 	 1.80
318 	 C 	  6.29 203.34 -21.83 	 1.80
319 	 C 	  6.61 209.80 -21.83 	 1.80
320 	 C 	  6.61 214.98 -24.64 	 1.80
321 	 C 	  7.14 219.26 -24.64 	 1.80
322 	 C 	  8.93 225.55 -24.22 	 1.80
323 	 C 	  9.92 231.63 -26.78 	 1.80
324 	 C 	  9.92 235.91 -26.78 	 1.80
325 	 C 	 11.46 240.82 -26.78 	 1.80
326 	 C 	 11.46 247.58 -29.41 	 1.80
327 	 C 	 11.99 251.63 -29.41 	 1.80
328 	 C 	 13.14 259.55 -32.20 	 1.80
329 	 C 	 14.19 266.98 -33.11 	 1.80
330 	 C 	 15.66 276.10 -36.87 	 1.80
331 	 C 	 16.46 280.83 -36.87 	 1.80
332 	 C 	 16.99 283.76 -36.87 	 1.80
333 	 C 	 18.99 288.85 -39.21 	 1.80
334 	 C 	 21.11 293.35 -39.21 	 1.80
335 	 C 	 21.11 299.23 -39.21 	 1.80
336 	 C 	 22.39 302.19 -39.21 	 1.80
337 	 B 	 21.86 304.44 -39.21 	 1.80
338 	 C 	 22.92 308.97 -38.70 	 1.80
339 	 C 	 24.78 312.80 -41.31 	 1.80
340 	 C 	 27.86 318.77 -42.58 	 1.80
341 	 C 	 29.91 324.85 -46.18 	 1.80
342 	 C 	 32.66 332.62 -49.70 	 1.80
343 	 C 	 33.19 340.50 -48.92 	 1.80
344 	 C 	 35.20 346.62 -52.42 	 1.80
345 	 C 	 36.26 353.15 -56.37 	 1.80
346 	 C 	 38.38 358.13 -57.49 	 1.80
347 	 C 	 38.54 362.35 -62.57 	 1.80
348 	 C 	 40.66 366.17 -62.57 	 1.80
349 	 C 	 41.27 370.27 -63.45 	 1.80
350 	 C 	 43.12 375.67 -66.50 	 1.80
351 	 C 	 45.24 380.18 -66.50 	 1.80
352 	 C 	 48.78 386.35 -66.33 	 1.80
353 	 C 	 50.64 393.11 -68.94 	 1.80
354 	 C 	 52.92 396.24 -72.41 	 1.80
355 	 C 	 53.45 403.45 -76.82 	 1.80
356 	 C 	 57.26 409.32 -76.25 	 1.80
357 	 C 	 58.06 413.17 -81.16 	 1.80
358 	 C 	 60.44 416.77 -83.23 	 1.80
359 	 C 	 59.91 420.38 -87.63 	 1.80
360 	 T 	 62.03 422.18 -87.78 	 1.80
361 	 C 	 20.75 312.83 -40.47 	 1.80
362 	 C 	 20.07 318.99 -42.34 	 1.80
363 	 C 	 20.07 326.42 -42.34 	 1.80
364 	 C 	 20.27 334.55 -42.59 	 1.80
365 	 C 	 19.74 339.28 -42.59 	 1.80
366 	 C 	 19.81 345.35 -42.59 	 1.80
367 	 C 	 18.42 350.53 -42.59 	 1.80
368 	 C 	 17.08 358.02 -45.88 	 1.80
369 	 C 	 14.69 364.10 -45.88 	 1.80
370 	 C 	 10.82 372.40 -46.91 	 1.80
371 	 C 	 10.03 381.41 -50.52 	 1.80
372 	 C 	  9.41 387.35 -49.33 	 1.80
373 	 C 	  8.02 393.20 -56.24 	 1.80
374 	 C 	  6.70 398.86 -56.24 	 1.80
375 	 C 	  5.68 405.62 -55.88 	 1.80
376 	 C 	  3.50 410.58 -57.68 	 1.80
377 	 C 	  2.17 414.63 -61.46 	 1.80
378 	 C 	  0.49 419.87 -60.10 	 1.80
379 	 C 	 -2.69 425.05 -62.87 	 1.80
380 	 C 	 -4.19 428.24 -68.23 	 1.80
381 	 T 	 -6.57 430.04 -68.84 	 1.80
382 	 C 	  3.42 206.92 -19.07 	 1.80
383 	 C 	  1.57 215.71 -19.07 	 1.80
384 	 C 	  0.61 220.47 -19.07 	 1.80
385 	 C 	  0.08 225.88 -17.55 	 1.80
386 	 C 	 -1.12 233.12 -20.65 	 1.80
387 	 C 	 -1.12 238.76 -20.65 	 1.80
388 	 C 	 -2.05 244.07 -21.80 	 1.80
389 	 C 	 -2.85 247.03 -21.80 	 1.80
390 	 C 	 -2.85 252.43 -21.80 	 1.80
391 	 C 	 -3.59 259.29 -21.37 	 1.80
392 	 C 	 -4.38 265.83 -21.37 	 1.80
393 	 C 	 -5.51 270.78 -21.37 	 1.80
394 	 C 	 -6.19 277.92 -22.19 	 1.80
395 	 C 	 -7.25 283.33 -22.19 	 1.80
396 	 C 	 -8.04 288.06 -22.19 	 1.80
397 	 C 	 -7.99 293.92 -24.14 	 1.80
398 	 C 	 -7.99 299.80 -24.14 	 1.80
399 	 C 	 -8.32 308.65 -27.13 	 1.80
400 	 C 	 -8.06 315.18 -26.25 	 1.80
401 	 C 	 -8.26 318.67 -29.34 	 1.80
402 	 C 	 -10.38 325.88 -29.34 	 1.80
403 	 C 	 -11.70 331.51 -29.34 	 1.80
404 	 C 	 -13.78 338.70 -30.03 	 1.80
405 	 C 	 -15.17 343.45 -31.50 	 1.80
406 	 C 	 -16.91 347.32 -32.46 	 1.80
407 	 C 	 -17.44 352.28 -33.91 	 1.80
408 	 C 	 -19.30 357.46 -33.91 	 1.80
409 	 C 	 -20.35 360.39 -33.91 	 1.80
410 	 C 	 -21.45 365.47 -34.54 	 1.80
411 	 C 	 -22.84 368.65 -34.54 	 1.80
412 	 C 	 -23.64 373.38 -35.84 	 1.80
413 	 C 	 -24.98 379.77 -38.18 	 1.80
414 	 C 	 -26.57 385.85 -38.18 	 1.80
415 	 C 	 -27.63 390.36 -39.62 	 1.80
416 	 C 	 -28.59 396.60 -39.90 	 1.80
417 	 C 	 -30.44 404.03 -42.73 	 1.80
418 	 C 	 -31.24 406.51 -42.73 	 1.80
419 	 C 	 -30.99 408.72 -42.73 	 1.80
420 	 C 	 -33.91 411.00 -42.73 	 1.80
421 	 C 	 -35.76 414.15 -44.06 	 1.80
422 	 T 	 -36.55 416.18 -44.06 	 1.80
423 	 C 	 -6.77 59.07 -7.94 	 2.25
424 	 C 	 -12.71 69.20 -6.34 	 2.25
425 	 C 	 -14.56 73.03 -6.34 	 1.80
426 	 C 	 -17.58 80.77 -7.56 	 1.80
427 	 C 	 -20.23 86.65 -7.56 	 1.80
428 	 C 	 -21.79 92.79 -9.17 	 1.80
429 	 C 	 -23.64 97.97 -12.72 	 1.80
430 	 C 	 -24.97 103.61 -16.08 	 1.80
431 	 C 	 -26.38 108.65 -17.39 	 1.80
432 	 C 	 -27.97 114.05 -19.57 	 1.80
433 	 C 	 -29.58 119.95 -20.43 	 1.80
434 	 C 	 -32.23 127.16 -21.56 	 1.80
435 	 C 	 -34.58 134.75 -25.31 	 1.80
436 	 C 	 -36.50 140.18 -25.31 	 1.80
437 	 C 	 -38.25 145.00 -28.54 	 1.80
438 	 C 	 -40.63 150.85 -28.54 	 1.80
439 	 C 	 -40.90 156.03 -29.86 	 1.80
440 	 C 	 -42.38 164.90 -32.46 	 1.80
441 	 C 	 -44.30 171.21 -32.46 	 1.80
442 	 C 	 -46.58 178.25 -34.25 	 1.80
443 	 C 	 -48.43 182.98 -34.25 	 1.80
444 	 C 	 -49.75 187.48 -34.25 	 1.80
445 	 C 	 -51.78 193.77 -36.45 	 1.80
446 	 C 	 -52.57 197.38 -36.45 	 1.80
447 	 C 	 -54.69 202.81 -37.49 	 1.80
448 	 C 	 -56.45 210.52 -39.46 	 1.80
449 	 C 	 -58.57 214.58 -39.46 	 1.80
450 	 C 	 -61.31 219.00 -42.26 	 1.80
451 	 C 	 -63.95 224.85 -43.29 	 1.80
453 	 C 	 -67.24 231.90 -45.71 	 1.80
454 	 C 	 -70.51 238.47 -45.71 	 1.80
455 	 C 	 -74.71 249.17 -46.56 	 1.80
456 	 C 	 -75.24 253.45 -46.56 	 1.35
457 	 C 	 -77.89 258.18 -46.92 	 1.35
458 	 C 	 -80.39 263.74 -46.92 	 1.35
459 	 C 	 -83.04 268.25 -46.92 	 1.35
460 	 C 	 -85.95 273.88 -47.78 	 1.35
461 	 C 	 -89.78 281.77 -50.50 	 1.35
462 	 C 	 -91.63 285.37 -50.50 	 1.35
463 	 C 	 -95.10 291.37 -51.33 	 1.35
464 	 C 	 -97.75 295.68 -52.62 	 1.35
465 	 C 	 -101.57 300.45 -53.62 	 1.35
466 	 C 	 -105.01 302.92 -53.62 	 1.35
467 	 C 	 -107.66 307.43 -57.38 	 1.35
468 	 C 	 -110.97 311.32 -57.38 	 1.35
469 	 C 	 -112.30 314.70 -57.38 	 1.35
470 	 C 	 -114.68 317.85 -59.31 	 1.35
471 	 C 	 -117.32 323.32 -60.04 	 1.35
472 	 C 	 -118.38 328.95 -60.04 	 1.35
473 	 C 	 -119.17 334.13 -63.73 	 1.35
474 	 C 	 -121.38 338.40 -65.14 	 1.35
475 	 C 	 -124.09 344.93 -66.74 	 1.35
476 	 C 	 -127.65 350.57 -70.05 	 1.35
477 	 C 	 -130.83 355.77 -74.33 	 1.35
478 	 C 	 -135.06 356.23 -74.33 	 1.35
479 	 C 	 -138.50 359.60 -74.33 	 1.35
480 	 C 	 -142.43 363.07 -75.68 	 1.35
481 	 C 	 -145.34 366.22 -78.62 	 1.35
482 	 C 	 -149.05 370.05 -81.46 	 1.35
483 	 C 	 -152.24 373.22 -81.46 	 1.35
484 	 C 	 -155.15 376.85 -82.06 	 1.35
485 	 C 	 -157.00 376.62 -82.06 	 1.35
486 	 C 	 -159.12 380.68 -85.58 	 1.35
487 	 C 	 -162.70 384.72 -85.45 	 1.35
488 	 C 	 -165.88 388.55 -90.28 	 1.35
489 	 C 	 -168.26 391.48 -93.56 	 1.35
490 	 C 	 -172.96 396.90 -91.31 	 1.35
491 	 T 	 -173.75 396.92 -91.62 	 1.35
492 	 C 	 -3.31 36.33  5.81 	 3.60
493 	 C 	 -4.92 44.20  6.59 	 3.60
494 	 C 	 -6.77 50.30  6.59 	 3.60
495 	 C 	 -9.77 56.20  4.96 	 3.60
496 	 C 	 -11.89 61.83  1.52 	 3.15
497 	 C 	 -14.71 67.05  0.46 	 3.15
498 	 C 	 -17.09 73.35 -2.25 	 3.15
499 	 C 	 -20.38 78.99 -3.98 	 2.70
500 	 C 	 -23.56 85.30 -3.98 	 2.70
501 	 C 	 -25.15 90.03 -7.66 	 2.70
502 	 C 	 -27.64 96.17 -8.30 	 2.70
503 	 B 	 -29.76 99.55 -8.30 	 2.70
504 	 C 	 -30.29 104.73 -8.30 	 2.70
505 	 C 	 -32.05 110.10 -8.30 	 2.70
506 	 C 	 -32.84 113.93 -5.94 	 2.70
507 	 C 	 -33.37 118.66 -5.94 	 2.25
508 	 C 	 -33.52 124.52 -5.94 	 2.25
509 	 C 	 -33.59 131.08 -4.53 	 2.25
510 	 C 	 -33.99 137.62 -3.95 	 2.25
511 	 C 	 -35.84 143.48 -3.95 	 2.25
512 	 C 	 -36.64 148.44 -3.95 	 2.25
513 	 C 	 -38.38 155.00 -3.95 	 2.25
514 	 C 	 -39.24 160.88 -3.58 	 2.25
516 	 C 	 -40.92 172.37 -1.12 	 2.25
517 	 C 	 -42.24 179.13 -1.12 	 2.25
518 	 C 	 -41.59 182.44 -1.12 	 2.25
519 	 C 	 -41.86 188.53 -1.83 	 2.25
520 	 C 	 -42.92 193.26 -1.83 	 2.25
521 	 B 	 -43.45 195.73 -1.83 	 2.25
522 	 C 	 -42.34 201.77 -1.83 	 1.80
523 	 C 	 -41.61 208.08 -3.48 	 1.80
524 	 C 	 -39.34 215.32 -6.22 	 1.80
525 	 C 	 -38.55 221.86 -7.96 	 1.80
526 	 C 	 -37.27 229.07 -11.06 	 1.80
527 	 C 	 -37.54 234.71 -15.06 	 1.80
528 	 C 	 -36.48 239.21 -17.21 	 1.80
529 	 C 	 -34.48 246.70 -17.21 	 1.80
530 	 C 	 -32.89 253.01 -19.71 	 1.80
531 	 C 	 -31.56 256.84 -19.71 	 1.80
532 	 C 	 -28.92 266.97 -20.88 	 1.80
533 	 C 	 -25.97 275.09 -21.66 	 1.80
534 	 C 	 -23.85 281.62 -26.58 	 1.80
535 	 C 	 -23.32 287.93 -29.14 	 1.80
536 	 C 	 -20.11 293.39 -29.94 	 1.80
537 	 C 	 -19.05 302.86 -30.46 	 1.80
538 	 C 	 -18.29 309.17 -37.28 	 1.80
539 	 C 	 -19.09 314.80 -37.28 	 1.80
540 	 C 	 -19.88 320.88 -39.64 	 1.80
541 	 C 	 -20.62 326.82 -39.64 	 1.80
542 	 C 	 -21.15 334.03 -41.90 	 1.80
543 	 C 	 -21.82 342.10 -43.01 	 1.80
544 	 C 	 -22.08 347.50 -45.61 	 1.80
545 	 C 	 -23.14 351.33 -45.61 	 1.80
546 	 C 	 -23.02 356.09 -48.08 	 1.80
547 	 C 	 -24.08 362.63 -48.08 	 1.80
548 	 C 	 -23.76 369.77 -50.24 	 1.80
549 	 C 	 -22.96 377.20 -50.24 	 1.80
550 	 C 	 -21.17 386.20 -49.02 	 1.80
551 	 C 	 -20.64 392.96 -49.02 	 1.80
552 	 C 	 -20.09 402.22 -49.02 	 1.80
553 	 C 	 -20.16 410.11 -49.02 	 1.80
554 	 C 	 -19.23 414.67 -48.84 	 1.80
555 	 T 	 -18.17 419.85 -48.84 	 1.80
556 	 C 	 -45.30 204.30 -1.83 	 1.80
557 	 C 	 -47.05 212.19 -1.85 	 1.80
558 	 C 	 -48.64 218.72 -1.85 	 1.80
559 	 C 	 -49.44 224.12 -1.85 	 1.80
560 	 C 	 -50.32 230.26 -1.85 	 1.80
561 	 C 	 -49.32 237.47 -1.85 	 1.80
562 	 C 	 -49.39 246.26 -1.85 	 1.80
563 	 C 	 -51.24 254.40 -0.46 	 1.80
564 	 C 	 -52.18 262.52 -0.46 	 1.80
565 	 C 	 -52.71 266.57 -0.46 	 1.80
566 	 C 	 -54.57 270.63  2.29 	 1.80
567 	 C 	 -55.58 277.14  3.86 	 1.80
568 	 C 	 -58.23 284.35  3.21 	 1.80
569 	 C 	 -59.91 292.91  4.90 	 1.80
570 	 C 	 -62.03 298.77  8.02 	 1.80
571 	 C 	 -63.68 304.40  9.69 	 1.80
572 	 C 	 -65.71 313.39 11.23 	 1.80
573 	 C 	 -67.30 317.47 11.23 	 1.80
574 	 C 	 -69.78 327.66 11.23 	 1.80
575 	 C 	 -70.84 331.29 11.23 	 1.80
576 	 C 	 -73.98 337.28 10.58 	 1.80
577 	 C 	 -75.57 343.14 10.03 	 1.80
578 	 C 	 -76.90 349.00  9.77 	 1.80
579 	 C 	 -79.12 353.46  9.77 	 1.80
580 	 C 	 -82.03 359.09  8.50 	 1.80
581 	 C 	 -86.00 364.50  5.55 	 1.80
582 	 C 	 -89.77 371.04  5.24 	 1.80
583 	 C 	 -92.95 376.44  2.03 	 1.80
584 	 C 	 -95.97 383.14  1.49 	 1.80
585 	 C 	 -97.82 388.32 -3.24 	 1.80
586 	 B 	 -99.25 391.54 -3.55 	 1.80
587 	 C 	 -102.23 397.62 -5.94 	 1.80
590 	 C 	 -104.08 400.80 -5.94 	 1.80
591 	 C 	 -104.87 403.50 -5.94 	 1.80
592 	 C 	 -107.11 408.79 -8.44 	 1.80
593 	 C 	 -108.43 414.42 -12.95 	 1.80
594 	 C 	 -110.55 419.60 -14.01 	 1.80
595 	 C 	 -113.57 424.76 -14.86 	 1.80
596 	 T 	 -114.36 425.89 -19.25 	 1.80
597 	 C 	 -103.36 394.11 -4.84 	 1.80
598 	 C 	 -109.19 397.49 -10.36 	 1.80
599 	 C 	 -113.90 401.83 -11.31 	 1.80
600 	 C 	 -118.93 406.59 -12.72 	 1.80
601 	 C 	 -123.96 409.97 -12.72 	 1.80
602 	 C 	 -130.34 414.74 -14.96 	 1.80
603 	 C 	 -135.37 417.02 -19.01 	 1.80
604 	 C 	 -140.44 419.68 -19.82 	 1.80
605 	 T 	 -142.63 421.51 -16.79 	 1.80
607 	 C 	 -33.20 105.86 -8.19 	 2.25
608 	 C 	 -37.55 114.83 -10.66 	 2.25
609 	 C 	 -40.46 122.04 -10.66 	 2.25
610 	 C 	 -42.42 127.46 -10.10 	 2.25
611 	 C 	 -44.54 132.89 -12.99 	 2.25
612 	 C 	 -46.35 139.61 -12.98 	 2.25
613 	 C 	 -49.27 146.14 -16.34 	 1.80
614 	 C 	 -52.21 152.11 -16.34 	 1.80
615 	 C 	 -54.86 158.87 -16.34 	 1.80
616 	 C 	 -57.08 164.23 -17.03 	 1.80
617 	 C 	 -59.47 170.31 -18.95 	 1.80
618 	 C 	 -61.82 178.76 -21.30 	 1.80
619 	 C 	 -62.88 186.42 -25.18 	 1.80
622 	 C 	 -63.57 191.33 -26.22 	 1.80
623 	 B 	 -64.89 195.83 -26.22 	 1.80
624 	 C 	 -65.42 202.37 -28.30 	 1.80
625 	 C 	 -66.36 208.31 -32.04 	 1.80
626 	 C 	 -66.89 213.71 -32.26 	 1.80
627 	 C 	 -67.50 225.13 -33.16 	 1.80
628 	 C 	 -68.90 238.81 -37.77 	 1.80
629 	 C 	 -71.01 244.89 -40.30 	 1.80
630 	 C 	 -72.07 249.17 -40.30 	 1.80
631 	 B 	 -72.76 253.31 -41.33 	 1.80
632 	 C 	 -70.91 260.09 -42.19 	 1.35
633 	 C 	 -70.57 267.11 -44.19 	 1.35
634 	 C 	 -70.31 273.86 -46.08 	 1.35
635 	 C 	 -69.57 282.71 -48.10 	 1.35
636 	 C 	 -70.37 288.56 -53.33 	 1.35
637 	 C 	 -68.84 291.94 -53.58 	 1.35
638 	 C 	 -69.44 297.28 -56.62 	 1.35
639 	 C 	 -68.91 301.33 -57.55 	 1.35
640 	 C 	 -69.17 306.09 -62.95 	 1.35
641 	 C 	 -68.44 311.80 -63.34 	 1.35
642 	 C 	 -66.77 322.41 -67.70 	 1.35
643 	 C 	 -64.92 327.14 -72.26 	 1.35
644 	 C 	 -63.45 332.28 -75.66 	 1.35
645 	 C 	 -66.89 337.91 -79.98 	 1.35
646 	 C 	 -68.48 343.77 -80.68 	 1.35
647 	 C 	 -69.63 350.36 -82.20 	 1.35
648 	 C 	 -69.89 356.67 -82.20 	 1.35
649 	 C 	 -71.71 359.98 -85.21 	 1.35
650 	 C 	 -75.41 364.48 -85.54 	 1.35
651 	 C 	 -77.53 368.34 -85.54 	 1.35
652 	 T 	 -80.54 371.60 -87.76 	 1.35
653 	 C 	 -74.29 260.01 -42.66 	 1.80
654 	 C 	 -75.08 267.22 -42.66 	 1.80
655 	 C 	 -76.23 271.11 -45.29 	 1.80
656 	 C 	 -77.28 277.41 -45.29 	 1.80
657 	 C 	 -77.63 282.16 -47.45 	 1.80
658 	 B 	 -78.16 285.11 -47.45 	 1.80
659 	 C 	 -78.57 292.73 -50.11 	 1.35
660 	 C 	 -79.43 300.16 -50.11 	 1.35
661 	 C 	 -79.10 306.78 -54.67 	 1.35
662 	 C 	 -79.10 312.22 -54.67 	 1.35
663 	 C 	 -79.63 316.04 -54.67 	 1.35
664 	 C 	 -79.57 319.18 -57.48 	 1.35
665 	 C 	 -80.63 324.36 -57.64 	 1.35
666 	 C 	 -82.48 330.67 -62.14 	 1.35
667 	 C 	 -83.43 336.73 -62.64 	 1.35
668 	 C 	 -83.95 343.04 -64.46 	 1.35
669 	 C 	 -84.70 350.93 -66.24 	 1.35
670 	 C 	 -86.81 357.47 -70.23 	 1.35
671 	 C 	 -87.70 364.88 -71.70 	 1.35
672 	 C 	 -88.75 369.84 -78.41 	 1.35
673 	 C 	 -90.34 372.76 -78.41 	 1.35
674 	 C 	 -91.14 376.37 -78.41 	 1.35
675 	 C 	 -92.23 381.61 -78.94 	 1.35
676 	 C 	 -93.55 385.44 -78.94 	 1.35
677 	 C 	 -95.67 387.91 -82.22 	 1.35
678 	 C 	 -98.41 392.11 -82.22 	 1.35
679 	 C 	 -101.54 399.03 -84.10 	 1.35
680 	 C 	 -103.66 400.61 -84.10 	 1.35
681 	 C 	 -105.52 405.12 -86.34 	 1.35
682 	 C 	 -107.23 408.35 -88.31 	 1.35
683 	 T 	 -108.28 411.73 -88.31 	 1.35
684 	 C 	 -80.22 291.81 -47.45 	 1.35
685 	 C 	 -81.61 296.54 -50.18 	 1.35
686 	 C 	 -83.10 304.13 -53.02 	 1.35
687 	 C 	 -85.21 307.76 -55.44 	 1.35
688 	 C 	 -87.86 313.17 -60.21 	 1.35
689 	 C 	 -90.15 318.66 -62.17 	 1.35
690 	 C 	 -92.80 324.74 -66.43 	 1.35
691 	 C 	 -95.82 332.41 -69.93 	 1.35
692 	 C 	 -97.41 337.59 -74.16 	 1.35
693 	 C 	 -101.12 340.29 -74.16 	 1.35
694 	 C 	 -103.61 347.66 -75.06 	 1.35
695 	 C 	 -105.47 352.84 -80.09 	 1.35
696 	 C 	 -107.68 358.51 -81.79 	 1.35
697 	 C 	 -109.54 364.59 -86.62 	 1.35
698 	 C 	 -112.15 369.61 -88.80 	 1.35
699 	 C 	 -116.12 375.46 -91.64 	 1.35
700 	 C 	 -118.28 380.63 -95.03 	 1.35
701 	 C 	 -121.73 383.33 -99.58 	 1.35
702 	 C 	 -126.29 388.28 -101.34 	 1.35
703 	 C 	 -129.73 392.81 -106.91 	 1.35
704 	 C 	 -132.96 396.18 -108.63 	 1.35
705 	 T 	 -136.20 398.20 -111.85 	 1.35
706 	 C 	 -68.08 201.03 -26.22 	 1.80
707 	 C 	 -70.20 207.11 -26.22 	 1.80
708 	 C 	 -74.08 216.33 -28.32 	 1.80
709 	 C 	 -76.20 219.94 -27.17 	 1.80
710 	 C 	 -79.81 224.85 -29.58 	 1.80
711 	 C 	 -83.23 230.73 -31.29 	 1.80
712 	 C 	 -87.99 235.48 -33.26 	 1.80
713 	 C 	 -92.01 238.88 -36.67 	 1.80
714 	 C 	 -95.46 242.51 -40.35 	 1.80
715 	 C 	 -97.31 246.11 -44.52 	 1.80
716 	 C 	 -100.94 249.63 -44.52 	 1.80
717 	 C 	 -105.18 253.23 -45.85 	 1.80
718 	 C 	 -111.75 258.03 -48.60 	 1.80
719 	 C 	 -115.99 261.86 -49.92 	 1.80
720 	 C 	 -119.43 265.69 -51.67 	 1.35
721 	 C 	 -122.21 267.65 -51.67 	 1.35
722 	 C 	 -125.66 272.61 -53.70 	 1.35
723 	 C 	 -129.36 275.54 -54.22 	 1.35
724 	 C 	 -134.48 279.53 -56.08 	 1.35
725 	 C 	 -137.92 283.81 -57.30 	 1.35
726 	 C 	 -141.63 285.16 -59.80 	 1.35
727 	 C 	 -144.54 289.22 -61.98 	 1.35
728 	 C 	 -147.15 290.83 -61.98 	 1.35
729 	 C 	 -150.86 293.08 -62.55 	 1.35
730 	 C 	 -153.24 295.13 -63.96 	 1.35
731 	 C 	 -157.48 298.33 -64.45 	 1.35
732 	 C 	 -160.93 302.16 -68.30 	 1.35
733 	 C 	 -163.11 306.44 -69.32 	 1.35
734 	 C 	 -166.61 309.13 -72.25 	 1.35
735 	 C 	 -169.32 314.31 -73.65 	 1.35
736 	 C 	 -173.75 319.35 -76.68 	 1.35
737 	 C 	 -177.52 320.71 -80.54 	 1.35
738 	 C 	 -180.43 323.86 -81.25 	 1.35
739 	 C 	 -184.54 327.68 -83.97 	 1.35
740 	 C 	 -187.45 333.31 -86.06 	 1.35
741 	 C 	 -191.01 338.01 -87.85 	 1.35
742 	 C 	 -193.39 343.86 -92.82 	 1.35
743 	 C 	 -196.56 349.00 -94.86 	 1.35
744 	 C 	 -201.33 353.08 -94.86 	 1.35
745 	 C 	 -202.92 357.14 -97.97 	 1.35
746 	 C 	 -204.15 361.73 -101.53 	 1.35
747 	 C 	 -208.66 366.46 -101.75 	 1.35
748 	 C 	 -212.10 369.19 -104.68 	 1.35
749 	 C 	 -215.23 371.25 -107.76 	 1.35
750 	 C 	 -218.67 378.24 -108.42 	 1.35
751 	 C 	 -221.32 381.84 -110.70 	 1.35
752 	 C 	 -223.09 387.05 -113.93 	 1.35
753 	 C 	 -222.10 390.01 -113.93 	 1.35
754 	 T 	 -221.57 390.91 -115.58 	 1.35

